20120102,12.34,12.34,12.34,12.34
20120103,12.69,12.76,12.55,12.69
20120104,12.57,12.74,12.5,12.64
20120105,12.56,12.73,12.28,12.62
20120106,12.65,12.7,12.4,12.43
20120109,12.52,12.55,12.23,12.36
20120110,12.57,12.57,12.33,12.44
20120111,12.4,12.63,12.24,12.54
20120112,12.57,12.64,12.37,12.55
20120113,12.36,12.59,12.36,12.55
20120116,12.55,12.55,12.55,12.55
20120117,12.71,12.84,12.37,12.49
20120118,12.43,12.8,12.43,12.8
20120119,12.83,12.91,12.64,12.88
20120120,12.81,13.07,12.79,13.02
20120123,12.97,13.12,12.9,13.0
20120124,12.8,13.13,12.67,13.07
20120125,13.01,13.4,12.99,13.29
20120126,13.36,13.37,12.98,13.28
20120127,13.2,13.57,13.19,13.36
20120130,13.2,13.28,12.92,13.08
20120131,13.23,13.36,12.97,13.31
20120201,13.38,13.62,13.13,13.56
20120202,13.56,13.71,13.34,13.36
20120203,13.65,13.97,13.54,13.79
20120206,13.74,13.84,13.46,13.58
20120207,13.53,13.86,13.39,13.75
20120208,13.77,14.16,13.69,13.89
20120209,13.94,13.94,13.44,13.73
20120210,13.51,13.6,13.25,13.36
20120213,13.57,13.66,13.45,13.61
20120214,13.5,13.69,13.38,13.67
20120215,13.71,13.78,13.02,13.15
20120216,13.7,14.96,13.62,14.33
20120217,14.36,14.5,14.17,14.31
20120220,14.31,14.31,14.31,14.31
20120221,14.32,14.39,13.75,13.89
20120222,13.86,14.05,13.76,13.79
20120223,13.85,13.99,13.52,13.96
20120224,13.96,14.0,13.46,13.6
20120227,13.5,13.8,13.4,13.63
20120228,13.63,13.78,13.45,13.58
20120229,13.62,13.96,13.32,13.32
20120301,13.39,13.74,13.25,13.27
20120302,13.29,13.38,12.84,12.96
20120305,12.87,13.37,12.75,13.33
20120306,13.21,13.53,13.07,13.39
20120307,13.45,13.61,13.26,13.59
20120308,13.52,13.71,13.4,13.7
20120309,13.66,14.05,13.64,13.84
20120312,13.83,13.89,13.52,13.59
20120313,13.73,14.07,13.62,14.04
20120314,13.99,14.12,13.6,13.63
20120315,13.65,13.87,13.45,13.84
20120316,13.85,13.85,13.51,13.57
20120319,13.5,13.94,13.43,13.78
20120320,13.62,13.71,13.43,13.65
20120321,13.69,14.19,13.63,14.02
20120322,13.84,14.15,13.76,14.04
20120323,14.02,14.32,13.97,14.32
20120326,14.5,14.5,14.41,14.48
20120327,14.53,14.59,14.49,14.53
20120328,14.56,14.61,14.45,14.59
20120329,14.45,14.67,14.37,14.64
20120330,14.79,14.84,14.55,14.75
20120402,14.75,15.33,14.71,15.32
20120404,15.49,15.81,15.33,15.79
20120405,15.77,16.37,15.75,16.31
20120406,16.31,16.31,16.31,16.31
20120409,15.95,16.34,15.88,16.12
20120410,16.14,16.28,15.87,16.16
20120411,16.27,16.41,16.1,16.25
20120412,16.23,16.5,16.23,16.45
20120413,16.37,16.7,16.23,16.29
20120416,16.37,16.8,16.27,16.66
20120417,16.84,17.16,16.77,16.87
20120418,16.74,17.08,16.74,17.0
20120419,17.37,17.54,16.89,16.96
20120420,17.11,17.21,16.87,17.0
20120423,16.86,17.0,16.64,16.86
20120424,16.85,16.85,16.21,16.38
20120425,16.64,16.75,16.31,16.56
20120426,16.55,16.78,16.44,16.71
20120427,16.75,16.94,16.51,16.9
20120430,16.83,16.9,16.47,16.53
20120501,16.5,17.12,16.49,16.57
20120502,16.48,16.6,16.15,16.51
20120503,16.56,16.68,16.31,16.53
20120504,16.37,16.37,15.86,15.88
20120507,15.81,16.21,15.71,16.17
20120508,16.03,16.53,15.9,16.5
20120509,16.25,16.69,16.24,16.66
20120510,16.84,17.01,16.77,16.92
20120511,16.74,17.19,16.67,17.01
20120514,16.76,17.03,16.7,16.91
20120515,16.97,17.19,16.84,17.16
20120516,17.21,17.32,16.9,16.91
20120517,16.91,17.02,16.45,16.48
20120518,16.44,16.68,16.21,16.26
20120521,16.36,16.59,16.12,16.58
20120522,16.61,16.61,16.0,16.14
20120523,16.0,16.64,15.91,16.61
20120524,16.58,16.71,16.22,16.52
20120525,16.54,16.58,16.0,16.14
20120528,16.14,16.14,16.14,16.14
20120529,16.32,16.82,16.24,16.8
20120530,16.62,16.7,16.46,16.6
20120531,16.67,17.13,16.45,16.82
20120601,16.5,16.68,16.39,16.53
20120604,16.55,16.62,16.12,16.46
20120605,16.34,16.56,16.2,16.35
20120606,16.55,16.83,16.47,16.8
20120607,17.04,17.27,16.88,17.1
20120608,17.14,17.45,16.76,17.38
20120611,17.49,17.69,16.89,16.92
20120612,17.06,17.31,16.73,17.04
20120613,17.1,17.26,16.48,16.58
20120614,16.65,16.82,16.42,16.6
20120615,16.63,16.83,16.5,16.54
20120618,16.46,16.96,16.3,16.78
20120619,16.84,17.81,16.8,17.69
20120620,17.71,17.98,17.59,17.88
20120621,17.9,17.9,16.95,16.99
20120622,17.06,17.08,16.55,16.69
20120625,16.48,16.77,16.42,16.59
20120626,16.67,16.89,16.45,16.71
20120627,16.77,16.91,16.53,16.84
20120628,16.77,17.01,16.53,17.01
20120629,17.39,17.62,17.1,17.16
20120702,17.21,17.32,16.99,17.27
20120703,17.34,17.4,17.16,17.21
20120704,17.21,17.21,17.21,17.21
20120705,17.21,17.44,16.92,17.31
20120706,17.12,17.48,17.12,17.4
20120709,17.2,17.46,17.15,17.19
20120710,17.25,17.48,16.98,17.08
20120711,17.1,17.19,16.76,16.88
20120712,16.8,16.8,16.4,16.44
20120713,16.46,17.31,16.35,17.3
20120716,17.21,17.33,17.13,17.25
20120717,17.29,17.43,17.0,17.23
20120718,17.19,17.61,17.19,17.42
20120719,17.82,17.82,16.86,16.86
20120720,16.7,16.92,16.47,16.5
20120723,16.21,16.31,16.04,16.18
20120724,16.18,16.3,15.96,16.22
20120725,16.33,16.36,16.06,16.15
20120726,16.4,16.47,16.01,16.09
20120727,16.13,16.88,16.13,16.78
20120730,16.81,17.01,16.4,16.43
20120731,16.31,16.87,16.27,16.44
20120801,16.48,16.54,15.84,15.84
20120802,15.71,15.75,15.26,15.34
20120803,15.56,15.87,15.34,15.61
20120806,15.58,15.86,15.4,15.67
20120807,15.73,15.9,15.58,15.62
20120808,15.5,16.09,15.45,15.95
20120809,15.89,15.94,15.64,15.68
20120810,15.66,15.66,15.33,15.43
20120813,15.41,15.55,15.02,15.44
20120814,15.58,15.58,15.03,15.1
20120815,15.02,15.02,14.61,14.95
20120816,14.97,15.27,14.82,15.18
20120817,15.15,15.47,15.11,15.44
20120820,15.45,15.45,15.15,15.39
20120821,15.49,15.85,15.36,15.44
20120822,15.43,15.43,14.99,15.01
20120823,15.02,15.02,14.61,14.64
20120824,14.59,14.6,14.24,14.51
20120827,14.57,14.7,14.46,14.57
20120828,14.52,14.61,14.35,14.44
20120829,14.49,14.59,14.3,14.46
20120830,14.38,14.48,14.25,14.4
20120831,14.53,14.88,14.42,14.8
20120903,14.8,14.8,14.8,14.8
20120904,14.78,15.03,14.66,14.92
20120905,15.05,15.31,14.88,15.13
20120906,15.23,15.68,15.23,15.51
20120907,15.59,15.74,15.43,15.7
20120910,15.67,16.1,15.65,16.08
20120911,16.05,16.29,15.88,16.13
20120912,16.14,16.21,15.78,15.92
20120913,15.9,16.53,15.74,16.25
20120914,16.37,16.54,16.19,16.28
20120917,16.15,16.17,15.81,16.01
20120918,15.91,16.21,15.81,16.18
20120919,16.23,16.23,16.04,16.17
20120920,16.03,16.25,15.85,16.13
20120921,16.32,16.58,16.16,16.35
20120924,16.21,16.44,15.9,16.42
20120925,16.43,16.51,15.86,15.88
20120926,15.91,16.06,15.55,15.67
20120927,15.73,16.03,15.43,16.01
20120928,15.9,16.01,15.62,15.62
20121001,15.73,15.95,15.17,15.34
20121002,15.39,15.67,15.28,15.67
20121003,15.67,15.89,15.51,15.65
20121004,15.74,15.74,15.34,15.73
20121005,15.76,16.19,15.42,15.72
20121008,15.65,16.05,15.47,16.03
20121009,15.91,15.94,15.62,15.75
20121010,15.76,15.77,15.31,15.37
20121011,15.45,15.69,15.28,15.28
20121012,15.33,15.33,14.8,14.82
20121015,14.9,15.09,14.75,15.04
20121016,15.18,15.36,15.15,15.22
20121017,15.26,15.42,15.13,15.42
20121018,15.35,15.35,15.0,15.08
20121019,14.92,15.03,14.73,14.85
20121022,14.74,14.86,14.48,14.54
20121023,14.37,14.76,14.36,14.65
20121024,14.71,14.75,14.55,14.67
20121025,14.81,14.9,14.53,14.76
20121026,14.72,14.83,14.5,14.68
20121029,14.68,14.68,14.68,14.68
20121030,14.68,14.68,14.68,14.68
20121031,14.65,14.87,14.58,14.83
20121101,14.89,15.03,14.58,14.73
20121102,14.84,14.84,14.58,14.58
20121105,14.58,14.9,14.58,14.77
20121106,14.86,15.08,14.79,14.89
20121107,14.89,14.89,13.92,14.03
20121108,14.08,14.09,13.22,13.51
20121109,13.44,13.91,13.44,13.73
20121112,13.78,13.96,13.73,13.75
20121113,13.68,13.95,13.67,13.71
20121114,13.7,13.9,13.6,13.68
20121115,13.65,13.94,13.65,13.83
20121116,13.71,13.74,13.43,13.64
20121119,13.79,14.21,13.71,14.2
20121120,14.12,14.33,14.09,14.15
20121121,14.17,14.56,14.1,14.48
20121122,14.48,14.48,14.48,14.48
20121123,14.5,14.58,14.42,14.52
20121126,14.47,14.7,14.41,14.66
20121127,14.64,14.76,14.52,14.54
20121128,14.36,14.71,14.31,14.69
20121129,14.81,15.03,14.65,14.83
20121130,14.91,14.96,14.65,14.87
20121203,14.91,15.03,14.75,14.82
20121204,14.87,14.95,14.59,14.86
20121205,14.72,14.72,14.23,14.24
20121206,14.16,14.64,14.02,14.58
20121207,14.65,14.65,14.34,14.5
20121210,14.51,14.54,14.32,14.46
20121211,14.54,14.75,14.27,14.33
20121212,14.34,14.64,14.24,14.34
20121213,14.38,14.58,14.2,14.21
20121214,14.24,14.34,13.98,14.23
20121217,14.26,14.75,14.18,14.72
20121218,14.72,14.84,14.64,14.79
20121219,14.83,14.83,14.35,14.6
20121220,14.6,14.99,14.59,14.85
20121221,14.72,15.11,14.63,14.77
20121224,14.76,14.85,14.38,14.46
20121225,14.46,14.46,14.46,14.46
20121226,14.44,14.51,14.22,14.39
20121227,14.47,14.51,14.21,14.44
20121228,14.37,14.69,14.37,14.52
20121231,14.52,15.22,14.51,15.15
20130101,15.15,15.15,15.15,15.15
20130102,15.6,15.6,15.08,15.19
20130103,15.22,15.22,14.36,14.51
20130104,14.62,15.05,14.62,14.71
20130107,14.59,14.59,14.4,14.43
20130108,14.46,14.67,14.43,14.53
20130109,14.63,14.63,14.45,14.58
20130110,14.66,15.21,14.46,14.91
20130111,14.98,15.0,14.68,14.81
20130114,14.82,15.2,14.82,15.16
20130115,15.05,15.21,14.8,15.13
20130116,15.13,15.13,14.75,15.02
20130117,15.1,15.25,14.98,15.2
20130118,15.15,15.24,14.87,15.08
20130121,15.08,15.08,15.08,15.08
20130122,15.03,15.12,14.89,15.01
20130123,15.04,15.04,14.85,14.91
20130124,14.91,14.98,14.85,14.96
20130125,15.07,15.07,14.5,14.88
20130128,14.99,15.16,14.95,15.11
20130129,15.0,15.35,14.82,15.33
20130130,15.26,15.26,14.7,14.72
20130131,14.74,15.01,14.57,14.78
20130201,14.92,15.21,14.79,15.08
20130204,14.89,14.9,14.58,14.64
20130205,14.78,14.78,14.43,14.48
20130206,14.36,14.67,14.28,14.65
20130207,14.61,14.67,14.31,14.35
20130208,14.39,14.58,14.36,14.4
20130211,14.45,14.5,14.33,14.39
20130212,14.37,14.44,14.23,14.36
20130213,14.3,14.3,13.09,13.47
20130214,13.61,13.85,13.48,13.67
20130215,13.73,13.94,13.71,13.8
20130218,13.8,13.8,13.8,13.8
20130219,13.82,13.91,13.75,13.86
20130220,13.73,14.03,13.69,13.75
20130221,13.76,14.02,13.65,13.94
20130222,14.07,15.05,14.03,14.9
20130225,14.69,14.78,14.26,14.29
20130226,14.42,14.63,14.3,14.4
20130227,14.41,14.9,14.41,14.75
20130228,14.77,14.91,14.65,14.72
20130301,14.57,14.87,14.44,14.77
20130304,14.77,15.26,14.77,15.21
20130305,15.35,15.64,15.2,15.33
20130306,15.33,15.35,15.05,15.26
20130307,15.17,15.37,15.04,15.26
20130308,15.44,15.44,15.0,15.26
20130311,15.16,15.24,14.92,14.98
20130312,14.89,14.94,14.77,14.85
20130313,14.91,14.92,14.68,14.8
20130314,14.84,15.01,14.61,15.0
20130315,15.06,15.21,14.94,15.05
20130318,14.95,15.1,14.68,14.73
20130319,14.72,14.81,14.43,14.64
20130320,14.74,14.77,14.41,14.53
20130321,14.36,14.36,13.94,14.03
20130322,14.13,14.33,14.07,14.11
20130325,14.19,14.19,13.86,13.98
20130326,14.11,14.11,13.63,13.77
20130327,13.77,13.96,13.53,13.91
20130328,14.02,14.06,13.92,13.96
20130329,13.96,13.96,13.96,13.96
20130401,13.96,14.04,13.55,13.76
20130402,13.8,13.9,13.52,13.55
20130403,13.59,13.59,13.08,13.14
20130404,13.14,13.29,13.14,13.22
20130405,12.96,13.36,12.93,13.29
20130408,13.29,13.32,13.05,13.25
20130409,13.25,13.25,12.86,13.02
20130410,13.07,13.29,13.0,13.04
20130411,12.96,13.22,12.96,13.1
20130412,13.0,13.22,12.95,13.14
20130415,13.09,13.09,12.69,12.85
20130416,12.92,13.84,12.92,13.82
20130417,13.73,13.98,13.3,13.66
20130418,13.62,13.84,13.5,13.61
20130419,13.62,13.97,13.54,13.92
20130422,13.98,14.0,13.55,13.75
20130423,13.9,14.19,13.82,14.1
20130424,14.07,14.29,13.92,13.97
20130425,14.0,14.69,13.97,14.65
20130426,14.55,14.69,14.46,14.48
20130429,14.59,14.77,14.5,14.75
20130430,14.71,14.82,14.61,14.82
20130501,14.76,14.81,14.06,14.08
20130502,14.09,14.54,14.09,14.48
20130503,14.74,15.15,14.73,15.06
20130506,15.03,15.15,14.95,15.11
20130507,15.15,15.45,15.05,15.18
20130508,15.11,15.38,15.07,15.36
20130509,15.28,15.39,15.15,15.32
20130510,15.31,15.64,15.31,15.61
20130513,15.56,15.56,15.19,15.25
20130514,15.26,15.56,15.22,15.5
20130515,15.41,15.54,14.99,15.06
20130516,15.09,15.49,15.07,15.33
20130517,15.44,15.55,15.31,15.43
20130520,15.36,15.5,15.04,15.18
20130521,15.13,15.15,14.91,15.01
20130522,15.09,15.21,14.45,14.62
20130523,14.53,15.04,14.47,14.84
20130524,14.76,14.96,14.59,14.87
20130527,14.87,14.87,14.87,14.87
20130528,15.06,15.45,14.85,15.01
20130529,14.83,14.93,14.5,14.7
20130530,14.71,14.84,14.54,14.78
20130531,14.61,14.99,14.55,14.71
20130603,14.73,15.2,14.65,15.16
20130604,15.21,15.3,14.98,15.07
20130605,14.96,15.03,14.69,14.7
20130606,14.7,15.05,14.55,15.01
20130607,15.18,15.49,15.12,15.36
20130610,15.49,15.7,15.39,15.64
20130611,15.36,15.53,15.21,15.38
20130612,15.45,15.61,15.13,15.26
20130613,15.21,15.58,15.18,15.54
20130614,15.52,15.52,15.3,15.37
20130617,15.58,15.59,15.25,15.37
20130618,15.38,15.6,15.38,15.53
20130619,15.55,15.56,15.17,15.24
20130620,15.02,15.1,14.48,14.62
20130621,14.67,15.07,14.28,15.03
20130624,14.78,15.11,14.55,14.97
20130625,15.09,15.14,14.69,14.84
20130626,15.03,15.16,14.52,14.66
20130627,14.79,15.03,14.68,14.96
20130628,14.88,15.15,14.83,15.01
20130701,15.12,15.84,15.12,15.73
20130702,15.66,15.95,15.6,15.78
20130703,15.65,15.86,15.65,15.75
20130704,15.75,15.75,15.75,15.75
20130705,15.84,16.05,15.73,15.93
20130708,15.98,16.29,15.95,16.2
20130709,16.35,16.43,16.1,16.28
20130710,16.22,16.36,16.22,16.3
20130711,16.47,16.51,16.34,16.43
20130712,16.34,16.53,16.33,16.44
20130715,16.4,16.53,16.29,16.43
20130716,16.37,16.49,16.28,16.34
20130717,16.4,16.52,16.29,16.37
20130718,17.0,18.3,16.77,17.47
20130719,17.48,18.12,17.47,17.85
20130722,17.96,18.14,17.83,17.95
20130723,18.0,18.3,17.95,18.1
20130724,18.25,18.35,18.1,18.2
20130725,18.16,18.66,18.16,18.34
20130726,18.13,18.29,18.02,18.15
20130729,18.29,18.55,18.14,18.47
20130730,18.6,19.73,18.55,19.68
20130731,19.69,19.95,19.46,19.47
20130801,19.67,19.91,19.51,19.69
20130802,19.62,19.84,19.62,19.71
20130805,19.74,19.83,19.48,19.51
20130806,19.39,19.6,19.39,19.48
20130807,19.42,19.73,19.28,19.66
20130808,19.85,19.99,19.75,19.77
20130809,19.69,19.85,19.28,19.3
20130812,19.26,19.6,19.23,19.5
20130813,19.54,19.88,19.37,19.85
20130814,19.79,19.84,19.62,19.84
20130815,19.59,19.77,19.46,19.49
20130816,19.46,19.46,18.96,19.31
20130819,19.17,19.28,18.99,19.03
20130820,19.0,19.16,18.83,19.08
20130821,19.03,19.32,18.9,19.21
20130822,19.31,19.6,19.18,19.57
20130823,19.61,19.68,19.31,19.53
20130826,19.45,19.45,19.13,19.2
20130827,19.01,19.17,18.56,18.63
20130828,18.6,18.79,18.57,18.64
20130829,18.65,18.91,18.54,18.77
20130830,18.8,18.82,18.4,18.56
20130902,18.56,18.56,18.56,18.56
20130903,18.86,19.44,18.46,18.76
20130904,18.69,19.19,18.68,19.12
20130905,19.12,19.32,19.04,19.15
20130906,19.29,19.44,19.0,19.04
20130909,19.21,19.36,19.09,19.23
20130910,19.38,19.79,19.23,19.65
20130911,19.65,19.82,19.47,19.55
20130912,19.48,19.64,18.9,18.9
20130913,18.98,19.28,18.8,19.19
20130916,19.07,19.29,18.85,18.94
20130917,18.98,19.34,18.86,19.28
20130918,19.3,19.84,19.12,19.53
20130919,19.59,19.71,19.43,19.61
20130920,19.71,19.94,19.49,19.54
20130923,19.51,19.71,19.39,19.58
20130924,19.52,20.29,19.5,20.03
20130925,19.99,20.2,19.79,20.1
20130926,20.19,20.54,20.16,20.34
20130927,20.15,20.41,20.12,20.3
20130930,20.04,20.3,19.84,20.11
20131001,20.11,20.43,20.08,20.33
20131002,20.22,20.23,19.99,20.2
20131003,20.19,20.26,19.4,19.48
20131004,19.52,20.05,19.44,19.9
20131007,19.63,19.63,18.05,18.05
20131008,17.94,18.05,17.64,17.92
20131009,18.02,18.1,17.42,17.54
20131010,17.8,17.93,17.6,17.74
20131011,17.82,18.59,17.82,18.53
20131014,18.29,18.63,18.12,18.48
20131015,18.47,18.55,18.19,18.34
20131016,18.36,18.56,18.25,18.47
20131017,18.51,18.82,18.43,18.8
20131018,19.01,19.22,18.88,19.09
20131021,19.2,19.71,19.02,19.41
20131022,19.51,19.93,19.38,19.75
20131023,19.66,19.66,18.81,18.92
20131024,19.04,19.04,18.5,18.85
20131025,18.95,19.12,18.24,18.53
20131028,18.58,18.58,18.35,18.45
20131029,18.47,18.51,18.07,18.49
20131030,18.5,18.5,18.15,18.3
20131031,18.24,18.24,17.75,17.82
20131101,17.86,17.93,17.44,17.57
20131104,17.59,17.66,17.13,17.46
20131105,17.4,17.93,17.18,17.88
20131106,17.97,18.5,17.83,18.41
20131107,18.49,18.51,18.16,18.35
20131108,18.32,18.52,18.15,18.49
20131111,18.4,18.68,18.24,18.66
20131112,18.55,18.88,18.49,18.85
20131113,18.69,19.2,18.66,19.11
20131114,19.08,19.51,18.94,19.42
20131115,19.38,19.76,19.1,19.75
20131118,19.91,20.2,19.8,19.9
20131119,19.85,20.0,19.49,19.54
20131120,19.6,19.61,19.39,19.43
20131121,19.49,19.99,19.43,19.92
20131122,19.89,20.07,19.65,19.99
20131125,20.0,20.08,19.76,19.95
20131126,19.85,20.11,19.77,20.06
20131127,20.14,20.33,20.03,20.32
20131128,20.32,20.32,20.32,20.32
20131129,20.49,20.55,20.2,20.24
20131202,20.16,20.16,19.3,19.65
20131203,19.56,20.05,19.56,20.03
20131204,19.88,20.38,19.88,20.23
20131205,20.16,20.38,20.11,20.37
20131206,20.44,20.83,20.35,20.48
20131209,20.51,20.59,20.19,20.51
20131210,20.51,20.7,20.44,20.58
20131211,20.55,20.6,19.52,19.62
20131212,19.6,19.61,19.39,19.44
20131213,19.54,19.71,19.35,19.5
20131216,19.59,20.09,19.46,20.09
20131217,20.01,20.18,19.52,19.57
20131218,19.54,20.04,19.29,20.04
20131219,20.02,20.16,19.85,19.98
20131220,20.06,21.13,20.05,21.07
20131223,21.12,21.69,21.12,21.43
20131224,21.38,21.69,21.3,21.54
20131225,21.54,21.54,21.54,21.54
20131226,21.6,21.81,21.49,21.59
20131227,21.59,21.73,21.4,21.59
20131230,21.6,21.8,21.34,21.41
20131231,21.44,21.58,21.07,21.12
20140101,21.12,21.12,21.12,21.12
20140102,20.99,20.99,20.52,20.53
20140103,20.53,20.66,20.29,20.45
20140106,20.44,20.62,19.94,20.0
20140107,20.12,20.21,19.75,19.91
20140108,19.82,19.87,19.43,19.83
20140109,19.95,20.14,19.86,20.09
20140110,20.17,20.39,19.85,20.35
20140113,20.04,20.18,19.9,20.01
20140114,20.16,20.25,19.91,20.0
20140115,19.93,20.37,19.9,19.99
20140116,20.01,20.04,19.65,19.99
20140117,19.99,20.02,19.95,19.98
20140120,19.98,19.98,19.98,19.98
20140121,19.99,20.38,19.99,20.26
20140122,20.26,20.26,20.04,20.07
20140123,19.97,19.97,19.42,19.81
20140124,19.6,19.65,19.17,19.29
20140127,19.23,19.42,18.72,18.87
20140128,18.95,19.01,18.48,18.87
20140129,18.71,19.28,18.71,18.99
20140130,19.19,19.69,19.06,19.56
20140131,19.31,19.5,19.1,19.15
20140203,19.16,19.31,18.09,18.89
20140204,19.0,19.18,18.81,19.02
20140205,18.99,19.23,18.83,19.0
20140206,19.0,19.98,19.0,19.85
20140207,19.92,20.26,19.66,19.69
20140210,19.74,19.74,19.29,19.57
20140211,19.57,19.7,19.38,19.65
20140212,19.76,19.87,19.4,19.51
20140213,19.38,19.72,19.3,19.69
20140214,19.69,19.79,19.49,19.72
20140217,19.72,19.72,19.72,19.72
20140218,19.71,19.84,19.47,19.63
20140219,19.51,19.81,19.34,19.4
20140220,19.57,20.66,19.38,20.08
20140221,20.21,20.5,19.62,19.72
20140224,19.81,20.02,19.73,19.88
20140225,19.92,20.13,19.88,19.98
20140226,19.95,21.41,19.92,21.41
20140227,21.32,21.49,21.15,21.34
20140228,21.41,21.73,21.4,21.5
20140303,21.22,21.3,20.98,21.13
20140304,21.35,22.23,21.26,21.5
20140305,21.44,21.44,21.03,21.14
20140306,20.96,21.31,20.96,21.21
20140307,21.41,21.43,20.74,20.93
20140310,20.83,20.97,20.65,20.88
20140311,20.94,20.94,20.5,20.56
20140312,20.5,20.66,20.4,20.55
20140313,20.61,20.61,20.08,20.38
20140314,20.31,20.48,20.0,20.05
20140317,20.22,20.5,20.13,20.37
20140318,20.44,21.02,20.34,20.65
20140319,20.7,20.75,20.37,20.5
20140320,20.47,20.58,20.34,20.42
20140321,20.56,20.64,20.37,20.42
20140324,20.4,20.5,19.95,19.95
20140325,20.11,20.25,19.8,19.81
20140326,19.98,20.16,19.79,19.81
20140327,19.86,19.86,19.55,19.69
20140328,19.68,19.88,19.68,19.73
20140331,19.91,20.07,19.85,19.92
20140401,20.03,20.54,19.91,20.15
20140402,20.24,21.49,20.15,20.96
20140403,20.94,21.22,20.4,20.45
20140404,20.64,21.05,20.43,20.94
20140407,20.93,21.8,20.81,21.62
20140408,21.64,23.6,21.64,23.15
20140409,23.3,23.55,23.06,23.18
20140410,23.23,23.43,22.8,22.8
20140411,22.6,23.36,22.31,23.0
20140414,22.99,23.56,22.89,23.09
20140415,23.24,23.64,22.88,23.36
20140416,23.59,23.86,23.4,23.73
20140417,23.7,24.74,23.7,24.32
20140418,24.32,24.32,24.32,24.32
20140421,24.35,24.59,23.89,24.26
20140422,24.19,24.59,23.97,24.15
20140423,24.18,24.48,23.87,24.04
20140424,23.92,23.92,20.82,20.87
20140425,20.78,21.28,19.89,19.93
20140428,19.93,20.05,18.77,18.82
20140429,18.85,19.02,18.44,18.67
20140430,18.57,18.81,18.31,18.7
20140501,18.98,19.14,18.56,18.7
20140502,18.83,19.14,18.78,18.83
20140505,18.75,19.37,18.63,19.31
20140506,19.22,19.45,18.96,19.0
20140507,19.1,19.63,18.98,19.49
20140508,19.5,20.06,19.34,19.8
20140509,19.84,20.23,19.71,20.04
20140512,20.1,21.19,20.1,21.01
20140513,21.0,21.32,20.87,21.18
20140514,21.18,21.37,20.99,21.02
20140515,20.89,21.16,20.77,20.93
20140516,20.81,21.27,20.68,21.27
20140519,21.25,21.82,21.19,21.56
20140520,21.55,21.66,21.21,21.29
20140521,21.33,21.64,21.12,21.26
20140522,21.25,21.46,21.21,21.25
20140523,21.25,21.38,21.22,21.3
20140526,21.3,21.3,21.3,21.3
20140527,21.37,21.63,21.21,21.43
20140528,21.36,21.44,21.22,21.25
20140530,21.32,21.45,21.17,21.25
20140602,21.6,21.91,21.2,21.28
20140603,21.25,21.39,20.4,20.51
20140604,20.48,20.56,20.0,20.05
20140605,20.21,20.42,19.88,20.29
20140606,20.48,20.77,20.46,20.66
20140609,20.74,20.74,20.24,20.49
20140610,20.5,20.68,20.04,20.25
20140611,20.09,20.29,20.01,20.19
20140612,20.25,20.25,19.69,19.75
20140613,19.88,20.02,19.68,19.81
20140616,19.85,20.09,19.85,19.98
20140617,19.89,20.25,19.86,20.05
20140618,20.12,20.12,19.72,19.98
20140619,20.05,20.31,19.91,20.15
20140620,20.2,20.31,20.0,20.07
20140623,20.15,20.15,19.72,19.78
20140624,19.8,20.14,19.76,19.85
20140625,19.77,19.94,19.72,19.89
20140626,19.94,19.94,19.56,19.81
20140627,19.67,20.06,19.67,19.88
20140630,19.99,20.15,19.69,20.09
20140701,20.14,20.4,19.86,19.89
20140702,19.8,20.09,19.73,19.78
20140703,19.78,20.28,19.78,20.23
20140704,20.23,20.23,20.23,20.23
20140707,20.17,20.31,19.52,19.76
20140708,19.62,19.63,19.32,19.4
20140709,19.46,19.72,19.41,19.48
20140710,19.15,19.41,19.1,19.22
20140711,19.19,19.19,18.95,19.14
20140714,19.28,19.5,19.16,19.47
20140715,19.37,19.58,19.11,19.25
20140716,19.34,19.37,19.1,19.17
20140718,18.57,18.97,18.53,18.9
20140721,18.82,18.85,18.6,18.79
20140722,18.88,19.12,18.75,18.83
20140723,18.85,19.03,18.71,18.98
20140724,18.71,18.85,18.45,18.53
20140725,18.33,18.66,18.24,18.44
20140728,18.37,18.59,18.08,18.58
20140729,18.56,18.95,18.25,18.28
20140730,18.46,18.67,18.25,18.53
20140731,18.3,18.55,18.3,18.48
20140801,18.53,18.69,18.44,18.61
20140804,18.63,19.15,18.63,19.04
20140805,18.89,19.34,18.89,19.13
20140806,19.07,19.43,19.07,19.25
20140807,19.3,19.4,18.99,19.11
20140808,19.1,19.3,19.04,19.15
20140811,19.26,19.69,19.17,19.41
20140812,19.33,19.39,18.97,19.02
20140813,19.07,19.21,18.99,19.04
20140814,19.07,19.13,18.96,19.07
20140815,19.24,19.36,18.95,19.12
20140818,19.28,19.36,19.06,19.18
20140819,19.14,19.29,19.02,19.14
20140820,19.15,19.24,18.99,19.09
20140821,19.15,19.58,18.96,19.46
20140822,19.49,19.49,19.0,19.31
20140825,19.35,19.81,19.35,19.63
20140826,19.59,19.99,19.5,19.95
20140827,19.91,20.03,19.71,20.0
20140828,19.93,19.97,19.63,19.67
20140829,19.66,19.81,19.64,19.71
20140901,19.71,19.71,19.71,19.71
20140902,19.8,19.95,19.65,19.81
20140903,19.64,19.74,19.42,19.46
20140904,19.52,19.62,19.0,19.1
20140905,19.02,19.2,18.88,19.06
20140908,19.08,19.12,18.97,19.03
20140909,19.06,19.14,18.87,18.99
20140910,18.95,19.24,18.94,19.18
20140911,19.01,19.26,18.94,19.07
20140912,19.1,19.13,18.95,19.05
20140915,19.01,19.17,18.9,19.01
20140916,18.92,19.09,18.85,19.02
20140917,19.01,19.16,18.87,19.0
20140918,19.01,19.14,18.98,19.08
20140919,19.06,19.19,18.95,19.04
20140922,18.92,19.02,18.72,18.78
20140923,18.62,18.62,17.24,17.63
20140924,17.63,17.96,17.63,17.96
20140925,17.99,17.99,17.73,17.96
20140926,17.97,18.14,17.89,18.03
20140929,17.78,17.88,17.7,17.76
20140930,17.78,17.85,17.57,17.64
20141001,17.61,17.67,17.2,17.28
20141002,17.27,17.58,17.24,17.46
20141003,17.54,17.66,17.36,17.39
20141006,17.21,17.25,15.82,15.83
20141007,15.79,15.84,15.09,15.09
20141008,15.04,15.58,14.77,15.54
20141009,15.49,15.56,15.02,15.21
20141010,15.06,15.43,15.05,15.11
20141013,15.07,15.27,14.91,14.98
20141014,15.22,15.48,15.01,15.17
20141015,14.89,15.89,14.88,15.85
20141016,15.75,16.33,15.63,16.07
20141017,16.28,16.41,15.98,16.03
20141020,15.84,16.31,15.84,16.08
20141021,16.16,16.68,16.16,16.61
20141022,16.6,16.81,16.31,16.45
20141023,16.65,17.04,16.55,16.82
20141024,16.88,16.9,16.43,16.49
20141027,16.5,16.55,16.03,16.2
20141028,16.28,17.1,16.28,17.01
20141029,16.2,16.2,13.94,14.35
20141030,14.25,14.35,14.18,14.33
20141031,14.62,15.0,14.46,14.94
20141103,15.0,15.32,14.96,15.05
20141104,15.39,15.93,15.3,15.74
20141105,15.79,15.79,15.32,15.37
20141106,15.41,15.66,15.25,15.41
20141107,15.4,15.68,15.22,15.64
20141110,15.61,15.7,15.49,15.66
20141111,15.69,15.96,15.57,15.68
20141112,15.64,15.95,15.5,15.81
20141113,15.72,15.86,15.14,15.26
20141114,15.22,15.41,15.07,15.26
20141117,15.26,16.17,15.26,16.12
20141118,16.16,16.44,16.03,16.09
20141119,16.0,16.19,15.7,15.82
20141120,15.77,16.33,15.66,16.2
20141121,16.52,16.53,16.04,16.24
20141124,16.3,16.47,16.13,16.44
20141125,16.35,16.48,15.97,16.05
20141126,16.09,16.47,15.88,16.44
20141127,16.44,16.44,16.44,16.44
20141128,16.4,16.53,16.26,16.27
20141201,16.18,16.85,16.0,16.33
20141202,16.35,16.69,16.23,16.39
20141204,16.68,16.82,16.51,16.71
20141205,16.79,17.32,16.69,16.89
20141208,16.98,17.2,16.57,16.7
20141209,16.47,17.24,16.47,16.83
20141210,16.81,16.9,16.34,16.36
20141211,16.37,17.0,16.34,16.75
20141212,16.57,16.67,16.04,16.22
20141215,16.25,16.46,15.8,15.85
20141216,15.76,16.31,15.76,15.91
20141217,15.99,16.35,15.8,16.2
20141218,16.36,16.7,16.11,16.64
20141219,16.6,17.08,16.48,17.04
20141222,17.01,17.08,16.52,16.82
20141223,16.95,17.16,16.87,17.1
20141224,17.1,17.2,16.9,16.91
20141225,16.91,16.91,16.91,16.91
20141226,17.03,17.34,17.0,17.2
20141229,17.25,17.6,17.25,17.47
20141230,17.39,17.97,17.39,17.93
20141231,18.01,18.1,17.59,17.6
20150101,17.6,17.6,17.6,17.6
20150102,17.73,17.86,17.06,17.31
20150105,17.15,17.2,16.66,16.73
20150106,16.73,16.73,16.06,16.22
20150107,16.37,16.41,16.13,16.22
20150108,16.42,16.58,16.27,16.49
20150109,16.52,16.58,16.3,16.36
20150112,16.46,16.58,16.08,16.53
20150113,16.72,17.14,16.28,16.52
20150114,16.29,16.55,16.15,16.49
20150115,16.58,16.6,16.19,16.21
20150116,16.09,16.76,16.09,16.64
20150119,16.64,16.64,16.64,16.64
20150120,16.65,16.79,16.38,16.47
20150121,16.39,16.64,16.2,16.27
20150122,16.38,17.0,16.2,16.98
20150123,17.02,17.41,16.9,17.03
20150126,17.01,17.55,16.97,17.31
20150127,17.09,17.25,16.9,16.95
20150128,17.09,17.11,16.36,16.52
20150129,16.53,17.05,16.53,16.89
20150130,16.84,17.09,16.54,16.65
20150202,16.75,16.86,16.52,16.78
20150203,16.93,17.72,16.93,17.62
20150204,17.5,17.78,17.35,17.56
20150205,17.6,18.37,17.6,18.32
20150206,18.35,18.71,17.83,17.94
20150209,17.87,18.09,17.6,17.66
20150210,17.71,17.72,17.2,17.4
20150211,17.28,17.52,17.25,17.46
20150212,17.55,17.66,17.53,17.6
20150213,17.64,17.82,17.41,17.61
20150216,17.61,17.61,17.61,17.61
20150217,17.61,17.81,17.53,17.7
20150218,17.57,18.23,17.57,18.01
20150219,17.93,18.33,17.7,17.94
20150220,17.97,18.0,17.5,17.77
20150223,17.77,18.19,17.36,18.14
20150224,18.1,18.22,17.98,18.16
20150225,18.2,19.36,18.02,19.25
20150226,19.25,20.01,19.25,19.95
20150227,19.89,20.1,19.72,19.9
20150302,19.65,19.75,19.36,19.59
20150303,19.56,19.66,19.0,19.02
20150304,18.8,19.42,18.75,19.13
20150305,19.08,19.24,18.53,18.69
20150306,18.49,18.96,18.31,18.39
20150309,18.45,18.87,18.29,18.53
20150310,18.37,18.63,18.22,18.54
20150311,18.7,18.88,18.37,18.49
20150312,18.58,18.85,18.17,18.36
20150313,18.36,18.68,18.29,18.6
20150316,18.74,18.76,18.41,18.71
20150317,18.49,18.52,17.38,18.04
20150318,17.81,17.84,17.06,17.44
20150319,17.23,17.59,17.23,17.41
20150320,17.55,17.84,17.2,17.42
20150323,17.43,18.09,17.42,17.95
20150324,17.86,18.25,17.83,18.1
20150325,18.05,18.05,17.43,17.51
20150326,17.43,17.57,17.28,17.35
20150327,17.35,17.78,17.26,17.76
20150330,17.79,17.97,17.52,17.64
20150331,17.55,17.93,17.22,17.53
20150401,17.45,17.65,17.23,17.63
20150402,17.58,17.9,17.46,17.74
20150403,17.74,17.74,17.74,17.74
20150406,17.66,17.88,17.02,17.14
20150407,17.17,17.35,16.85,17.19
20150408,17.17,17.57,17.17,17.4
20150409,17.41,17.56,16.97,17.17
20150410,17.3,17.4,17.03,17.1
20150413,17.1,17.21,16.77,16.84
20150414,16.88,17.02,16.78,16.93
20150415,17.06,17.13,16.79,16.82
20150416,16.75,16.93,16.75,16.82
20150417,16.69,16.76,16.12,16.16
20150420,16.35,16.53,16.25,16.43
20150421,16.49,16.57,16.35,16.39
20150422,16.48,16.82,16.3,16.61
20150423,16.51,16.79,16.51,16.72
20150424,16.65,16.8,16.52,16.69
20150427,16.81,17.13,16.62,16.66
20150428,16.63,17.21,16.63,17.15
20150429,17.12,17.23,16.6,16.73
20150430,16.57,16.57,16.14,16.17
20150504,17.78,18.46,17.78,18.11
20150505,18.08,18.32,17.58,17.62
20150506,17.68,17.99,17.42,17.71
20150507,17.69,18.06,17.69,17.88
20150508,18.08,18.22,17.75,17.84
20150511,17.75,18.04,17.75,17.86
20150512,17.72,17.78,17.3,17.46
20150513,17.5,17.77,17.5,17.73
20150514,17.79,17.85,17.23,17.3
20150515,17.25,17.6,17.22,17.41
20150518,17.32,17.68,17.32,17.59
20150519,17.63,17.8,17.3,17.76
20150520,17.84,17.96,17.54,17.69
20150521,17.63,17.76,17.32,17.5
20150522,17.42,17.61,17.17,17.21
20150525,17.21,17.21,17.21,17.21
20150526,17.0,17.13,16.62,16.85
20150527,16.96,17.17,16.76,17.0
20150528,16.95,17.55,16.95,17.44
20150529,17.31,17.53,17.11,17.29
20150601,17.49,17.77,17.04,17.44
20150602,17.31,18.12,17.16,18.0
20150603,18.02,18.45,17.86,18.15
20150604,17.99,18.36,17.92,17.97
20150605,17.93,18.07,17.61,17.95
20150608,17.88,18.09,17.77,17.95
20150609,17.98,18.25,17.86,18.12
20150610,18.17,18.65,18.17,18.59
20150611,18.59,18.73,18.43,18.72
20150612,18.63,18.84,18.51,18.72
20150615,18.54,18.54,17.6,17.69
20150616,17.61,17.88,17.61,17.85
20150617,17.87,18.15,17.82,17.83
20150618,17.91,18.22,17.79,17.9
20150619,17.96,18.8,17.96,18.68
20150622,18.69,19.15,18.45,19.07
20150623,19.1,19.45,18.77,19.36
20150624,19.32,19.45,19.18,19.42
20150625,19.42,19.49,19.25,19.42
20150626,19.4,19.58,19.24,19.29
20150629,19.24,19.32,18.77,18.79
20150630,19.01,19.11,18.85,19.0
20150701,19.2,19.37,18.98,19.11
20150702,19.14,19.2,18.89,19.1
20150703,19.1,19.1,19.1,19.1
20150706,18.82,19.15,18.68,18.85
20150707,18.84,18.88,18.39,18.59
20150708,18.45,18.57,18.2,18.4
20150709,18.45,18.5,17.85,17.92
20150710,18.07,18.3,17.83,17.96
20150713,18.0,18.17,17.88,17.96
20150714,17.89,17.98,17.75,17.94
20150715,17.92,17.92,17.47,17.76
20150716,17.93,18.05,17.62,18.02
20150717,18.04,18.04,17.37,17.46
20150720,17.42,17.49,17.04,17.35
20150721,17.33,17.46,16.85,17.02
20150722,16.91,17.1,16.72,17.02
20150723,16.87,17.99,16.15,16.25
20150724,16.24,16.32,14.68,14.79
20150727,14.72,15.4,14.72,15.19
20150728,15.18,15.59,14.95,15.22
20150729,15.25,15.43,15.17,15.21
20150730,15.25,15.44,15.19,15.33
20150731,15.33,15.5,14.99,15.13
20150803,15.13,15.43,14.88,14.92
20150804,14.92,15.05,14.78,14.85
20150805,14.89,15.16,14.7,14.77
20150806,14.86,15.05,14.72,14.82
20150807,14.68,14.98,14.68,14.79
20150810,14.9,15.08,14.71,14.98
20150811,14.85,14.97,14.6,14.8
20150812,14.61,14.67,14.43,14.59
20150813,14.55,14.95,14.5,14.69
20150814,14.66,14.96,14.53,14.91
20150817,14.79,14.93,14.59,14.9
20150818,14.79,14.86,14.66,14.72
20150819,14.72,15.22,14.6,15.12
20150820,14.93,15.09,14.67,14.7
20150821,14.41,14.63,14.12,14.45
20150824,13.73,14.2,13.45,13.48
20150826,13.38,13.44,12.91,13.22
20150827,13.36,13.49,13.17,13.4
20150828,13.38,14.04,13.34,13.94
20150831,13.89,14.36,13.56,14.26
20150901,14.0,14.13,13.8,13.88
20150902,13.92,13.92,13.49,13.54
20150903,13.52,13.69,13.44,13.57
20150904,13.37,13.38,13.14,13.23
20150907,13.23,13.23,13.23,13.23
20150908,13.47,13.49,13.25,13.4
20150909,13.54,13.65,13.2,13.22
20150910,13.14,13.3,12.87,12.91
20150911,12.97,13.1,12.59,12.95
20150914,12.93,13.43,12.73,13.4
20150915,13.41,13.76,13.4,13.57
20150916,13.58,13.92,13.58,13.9
20150917,13.93,14.01,13.72,13.79
20150918,13.68,13.75,13.41,13.55
20150921,13.7,14.0,13.7,13.86
20150922,13.67,13.68,13.33,13.37
20150923,13.46,13.46,13.06,13.15
20150924,13.07,13.5,12.92,13.43
20150925,13.46,13.62,13.4,13.52
20150928,13.45,13.62,13.43,13.49
20150929,13.5,13.66,13.28,13.52
20150930,13.64,13.65,13.35,13.4
20151001,13.46,13.63,13.29,13.43
20151002,13.38,14.0,13.36,13.99
20151005,14.12,14.47,13.99,14.06
20151006,14.08,14.42,14.08,14.3
20151007,14.36,14.55,13.94,14.08
20151008,14.02,14.27,14.02,14.19
20151009,14.27,14.46,14.12,14.21
20151012,14.23,14.23,14.07,14.19
20151013,14.16,14.24,13.91,13.93
20151014,13.93,14.24,13.74,13.79
20151015,13.81,14.16,13.74,14.06
20151016,14.12,14.36,14.03,14.29
20151019,14.31,14.35,14.07,14.22
20151020,14.21,14.45,14.16,14.41
20151021,14.45,14.5,14.15,14.18
20151022,14.23,14.75,14.22,14.63
20151023,14.71,14.88,14.56,14.72
20151026,14.73,14.79,14.52,14.63
20151027,14.56,14.65,14.15,14.22
20151028,14.33,14.88,14.2,14.74
20151029,13.75,14.22,12.02,14.14
20151030,14.07,15.68,14.07,15.61
20151102,15.52,15.54,14.14,14.54
20151103,14.41,14.56,14.38,14.5
20151104,14.57,14.67,14.38,14.62
20151105,14.61,14.87,14.52,14.76
20151106,14.68,15.37,14.66,15.28
20151109,15.33,15.33,15.0,15.05
20151110,15.06,15.19,14.74,14.98
20151111,15.02,15.09,14.92,14.99
20151112,14.88,14.9,14.47,14.54
20151113,14.39,14.85,14.36,14.47
20151116,14.52,15.02,14.48,14.98
20151117,15.0,15.18,14.81,14.87
20151118,14.91,15.14,14.91,15.06
20151119,15.03,15.28,14.95,15.0
20151120,15.1,15.32,14.9,14.97
20151123,14.97,15.13,14.91,14.95
20151124,14.84,15.07,14.79,15.0
20151125,14.99,15.13,14.96,15.04
20151126,15.04,15.04,15.04,15.04
20151127,14.98,15.49,14.98,15.41
20151130,15.48,15.59,15.41,15.5
20151201,15.52,15.63,15.35,15.45
20151202,15.42,15.66,15.41,15.44
20151203,15.59,15.68,15.21,15.4
20151204,15.38,15.56,15.36,15.47
20151207,15.4,15.43,15.14,15.21
20151208,15.01,15.03,14.61,14.68
20151209,14.63,14.81,14.44,14.54
20151210,14.49,14.67,14.36,14.48
20151211,14.23,14.4,14.09,14.13
20151214,14.11,14.25,13.97,14.1
20151215,14.19,14.35,14.11,14.28
20151216,14.4,14.4,14.04,14.22
20151217,14.21,14.25,13.96,13.97
20151218,13.89,14.06,13.56,13.69
20151221,13.68,13.75,13.61,13.71
20151222,13.7,13.82,13.55,13.77
20151223,13.83,13.98,13.75,13.89
20151224,13.79,13.94,13.75,13.88
20151225,13.88,13.88,13.88,13.88
20151228,13.82,14.22,13.68,14.21
20151229,14.29,14.38,14.12,14.33
20151230,14.28,14.35,13.93,13.95
20151231,13.93,13.93,13.29,13.32
20160101,13.32,13.32,13.32,13.32
20160104,13.14,13.14,12.66,12.81
20160105,12.81,12.85,12.4,12.53
20160106,12.34,12.6,12.32,12.49
20160107,12.25,12.29,12.02,12.25
20160108,12.31,12.42,12.28,12.35
20160111,12.36,12.55,12.36,12.52
20160112,12.64,12.76,12.34,12.54
20160113,12.63,12.63,11.89,11.97
20160114,12.07,12.12,11.8,11.9
20160115,11.54,11.74,11.1,11.34
20160118,11.34,11.34,11.34,11.34
20160119,11.36,11.68,10.76,10.84
20160120,10.65,11.13,10.53,11.08
20160121,11.07,11.33,10.95,11.08
20160122,11.22,11.34,10.97,11.14
20160125,11.06,11.06,10.68,10.72
20160126,10.74,10.97,10.74,10.97
20160127,10.9,10.98,10.74,10.78
20160128,10.91,10.99,10.77,10.86
20160129,10.88,11.39,10.79,11.39
20160201,11.26,11.3,10.79,11.22
20160202,11.05,11.17,10.77,10.91
20160203,10.96,11.06,10.66,11.0
20160204,10.97,11.26,10.92,11.12
20160205,11.11,11.25,10.81,10.83
20160208,10.71,10.92,10.47,10.83
20160209,10.68,11.03,10.68,10.86
20160210,10.89,11.05,10.43,10.49
20160211,10.12,10.49,10.12,10.39
20160212,10.49,10.52,10.14,10.35
20160215,10.35,10.35,10.35,10.35
20160216,10.46,11.07,10.37,10.97
20160217,11.07,11.19,10.85,10.87
20160218,10.86,11.22,10.75,11.03
20160219,11.01,11.22,10.97,11.03
20160222,11.14,11.43,10.81,11.15
20160223,11.13,11.44,11.13,11.24
20160224,11.17,11.83,11.1,11.53
20160225,11.58,12.12,11.5,12.02
20160226,11.87,12.11,11.48,11.54
20160229,11.51,12.23,11.49,12.03
20160301,12.08,12.08,11.5,11.56
20160302,11.44,11.68,11.3,11.62
20160303,11.62,12.19,11.62,12.16
20160304,12.28,12.59,12.26,12.29
20160307,12.23,12.77,12.23,12.67
20160308,12.62,12.7,12.47,12.51
20160309,12.52,12.89,12.52,12.55
20160310,12.63,12.79,12.48,12.5
20160311,12.77,12.77,12.49,12.65
20160314,12.53,12.75,12.5,12.51
20160315,12.4,12.42,12.2,12.34
20160316,12.27,12.59,12.27,12.45
20160317,12.48,12.9,12.48,12.88
20160318,12.98,13.22,12.87,13.17
20160321,12.94,13.07,12.67,12.68
20160322,12.68,12.72,12.58,12.64
20160323,12.63,12.76,12.41,12.45
20160324,12.38,12.8,12.35,12.79
20160325,12.79,12.79,12.79,12.79
20160328,12.79,12.86,12.59,12.82
20160329,12.74,13.1,12.74,12.96
20160330,13.04,13.16,12.97,13.05
20160331,13.02,13.11,12.83,12.86
20160401,12.75,13.22,12.6,13.19
20160404,13.25,13.31,12.79,12.8
20160405,12.75,12.86,12.27,12.28
20160406,12.32,12.57,12.24,12.48
20160407,12.37,12.43,12.23,12.29
20160408,12.39,12.51,12.29,12.34
20160411,12.39,12.64,12.39,12.53
20160412,12.52,12.63,12.41,12.59
20160413,12.63,12.83,12.55,12.79
20160414,12.78,13.02,12.76,12.92
20160415,12.92,13.21,12.83,13.1
20160418,13.2,13.42,13.2,13.35
20160419,13.47,13.48,13.16,13.21
20160420,13.23,13.58,13.23,13.29
20160421,13.4,13.4,12.94,12.96
20160422,13.08,13.08,12.9,12.98
20160425,12.99,13.04,12.81,12.85
20160426,12.96,13.2,12.96,13.15
20160427,13.15,13.27,13.01,13.07
20160428,13.02,13.43,12.97,13.22
20160429,13.45,13.49,13.1,13.48
20160502,14.56,14.56,13.69,13.87
20160503,13.86,14.17,13.39,13.82
20160504,13.7,14.04,13.64,13.99
20160505,14.03,14.03,13.77,13.84
20160506,13.83,14.25,13.71,14.25
20160509,14.33,14.4,14.13,14.22
20160510,14.25,14.35,14.12,14.18
20160511,14.2,14.4,14.12,14.13
20160512,14.25,14.46,14.13,14.39
20160513,14.28,14.46,14.1,14.22
20160516,14.31,14.71,14.25,14.5
20160517,14.53,14.53,13.34,13.39
20160518,13.42,13.74,13.42,13.5
20160519,13.39,13.63,13.15,13.56
20160520,13.65,13.68,13.38,13.53
20160523,13.56,13.6,13.4,13.48
20160524,13.6,14.17,13.56,14.11
20160525,14.17,14.35,14.02,14.14
20160526,14.0,14.25,13.8,14.15
20160527,14.22,14.44,14.15,14.4
20160530,14.4,14.4,14.4,14.4
20160531,14.42,14.57,14.14,14.29
20160601,14.24,14.83,14.11,14.81
20160602,14.71,15.07,14.71,15.02
20160603,15.05,15.08,14.78,15.02
20160606,15.11,15.47,15.09,15.25
20160607,15.28,15.47,15.08,15.25
20160608,15.31,15.75,15.2,15.73
20160609,15.73,15.76,15.58,15.66
20160610,15.5,15.75,15.36,15.5
20160613,15.43,15.43,14.52,14.74
20160614,14.73,14.87,14.68,14.81
20160615,14.68,14.84,14.51,14.7
20160616,14.44,15.1,14.33,15.06
20160617,15.0,15.1,14.7,14.73
20160620,14.95,15.04,14.66,14.67
20160621,14.75,14.75,14.46,14.6
20160622,14.69,14.69,14.38,14.43
20160623,14.58,14.95,14.56,14.62
20160624,13.94,14.31,13.6,13.79
20160627,13.67,13.67,13.3,13.43
20160628,13.63,13.89,13.28,13.36
20160629,13.6,14.0,13.56,13.87
20160630,13.86,14.55,13.75,14.4
20160701,14.46,14.59,14.23,14.52
20160704,14.52,14.52,14.52,14.52
20160705,14.42,14.74,14.24,14.62
20160706,14.58,14.61,14.31,14.46
20160707,14.56,14.8,14.56,14.69
20160708,14.88,15.2,14.76,15.14
20160711,15.25,15.34,15.17,15.29
20160712,15.33,15.6,15.21,15.53
20160713,15.6,15.86,15.5,15.72
20160714,15.8,15.8,15.57,15.66
20160715,15.79,15.79,15.57,15.71
20160718,15.75,15.78,15.45,15.63
20160719,15.48,15.59,14.95,15.06
20160720,15.11,15.3,14.79,15.05
20160721,14.93,15.22,14.78,15.01
20160722,14.95,15.04,14.75,14.91
20160725,14.86,15.4,14.86,15.34
20160726,15.36,15.41,15.06,15.3
20160727,15.32,15.61,15.24,15.27
20160728,15.26,15.74,15.06,15.61
20160729,15.52,15.52,14.82,14.95
20160801,14.89,15.09,14.69,14.98
20160802,14.97,15.3,14.78,14.8
20160803,13.92,13.95,13.2,13.57
20160804,13.54,13.71,13.49,13.54
20160805,13.6,14.06,13.49,13.91
20160808,13.95,13.98,13.79,13.88
20160809,13.83,13.89,13.74,13.79
20160810,13.84,13.96,13.8,13.92
20160811,13.95,14.03,13.83,13.97
20160812,14.0,14.04,13.92,14.0
20160815,14.11,14.61,14.11,14.59
20160816,14.64,14.95,14.2,14.23
20160817,14.1,14.26,13.96,14.0
20160818,14.11,14.29,14.06,14.25
20160819,14.27,14.51,14.23,14.39
20160822,14.41,14.41,14.07,14.35
20160823,14.35,14.58,14.35,14.43
20160824,14.4,14.51,14.31,14.48
20160825,14.5,14.5,14.33,14.39
20160826,14.49,14.51,14.25,14.29
20160829,14.25,14.48,14.25,14.36
20160830,14.41,14.6,14.37,14.57
20160831,14.49,14.62,14.27,14.35
20160901,14.41,14.41,14.11,14.3
20160902,14.29,14.75,14.29,14.73
20160905,14.73,14.73,14.73,14.73
20160906,14.72,14.72,14.3,14.35
20160907,14.3,14.51,14.25,14.39
20160908,14.41,14.41,14.19,14.26
20160909,14.12,14.12,13.28,13.3
20160912,13.31,13.61,13.28,13.55
20160913,13.54,13.54,13.08,13.16
20160914,13.17,13.18,12.93,13.12
20160915,13.13,13.43,13.11,13.41
20160916,13.43,13.64,13.12,13.14
20160919,13.25,13.37,13.05,13.14
20160920,13.29,13.29,13.08,13.11
20160921,13.17,13.25,12.99,13.23
20160922,13.39,13.53,13.35,13.5
20160923,13.38,13.68,13.27,13.5
20160926,13.44,13.5,13.02,13.03
20160927,13.04,13.04,12.84,13.02
20160928,13.02,13.27,13.02,13.13
20160929,13.18,13.18,12.97,12.98
20160930,13.03,13.17,12.9,12.99
20161003,12.98,13.14,12.75,12.81
20161004,12.87,12.97,12.49,12.58
20161005,12.7,12.7,12.45,12.46
20161006,12.55,12.73,12.38,12.69
20161007,12.6,12.6,12.38,12.5
20161010,12.62,12.81,12.61,12.8
20161011,12.73,12.74,12.57,12.66
20161012,12.75,12.86,12.55,12.83
20161013,12.58,12.82,12.48,12.74
20161014,12.79,12.85,12.59,12.67
20161017,12.65,12.9,12.55,12.65
20161018,12.7,12.75,12.5,12.5
20161019,12.6,12.85,12.45,12.55
20161020,12.4,12.49,12.25,12.4
20161021,12.2,12.45,12.2,12.4
20161024,12.55,12.65,12.35,12.45
20161025,12.5,12.55,12.25,12.35
20161026,12.4,12.5,11.95,12.0
20161027,12.1,12.1,11.85,11.9
20161028,12.0,12.09,11.85,11.9
20161031,11.95,12.25,11.7,12.05
20161101,12.05,12.25,11.5,11.6
20161102,11.6,11.75,11.45,11.45
20161103,11.55,11.6,11.35,11.5
20161104,11.55,11.9,11.55,11.6
20161107,11.6,12.65,11.6,12.55
20161108,11.95,12.75,11.75,12.4
20161109,12.2,13.35,12.14,13.25
20161110,13.3,13.8,13.1,13.8
20161111,13.75,14.4,13.7,14.3
20161114,14.5,14.55,14.15,14.5
20161115,14.5,14.55,14.2,14.4
20161116,14.4,14.5,14.25,14.45
20161117,14.5,15.1,14.45,14.65
20161118,14.75,14.8,14.2,14.8
20161121,14.8,14.95,14.35,14.45
20161122,14.6,14.95,14.3,14.95
20161123,14.95,15.15,14.8,15.0
20161124,15.0,15.0,15.0,15.0
20161125,15.0,15.15,14.9,15.1
20161128,14.95,15.08,14.85,14.95
20161129,14.5,15.05,14.4,14.95
20161130,14.9,14.9,14.15,14.15
20161201,14.25,14.6,13.86,14.1
20161202,14.05,14.3,13.95,14.1
20161205,14.3,14.5,14.05,14.15
20161206,14.25,14.55,13.95,14.45
20161207,14.5,14.6,14.45,14.5
20161208,14.3,14.7,14.3,14.65
20161209,14.65,15.55,14.35,15.4
20161212,15.4,15.4,14.8,15.0
20161213,15.0,15.05,14.7,14.9
20161214,14.9,14.95,14.3,14.45
20161215,14.45,14.95,14.3,14.75
20161216,14.55,15.3,14.4,14.65
20161219,14.5,14.75,14.28,14.5
20161220,14.5,14.7,14.4,14.5
20161221,14.5,14.65,14.35,14.4
20161222,14.4,14.5,14.15,14.3
20161223,14.3,14.55,14.3,14.5
20161226,14.5,14.5,14.5,14.5
20161227,14.4,14.6,14.2,14.35
20161228,14.4,14.5,14.15,14.2
20161229,14.3,14.5,14.0,14.15
20161230,14.2,14.3,13.9,14.3
20170102,14.3,14.3,14.3,14.3
20170103,14.35,14.6,14.15,14.3
20170104,14.25,14.55,14.2,14.45
20170105,14.35,14.4,14.15,14.3
20170106,14.3,14.3,14.05,14.2
20170109,14.2,14.25,13.75,13.85
20170110,13.9,14.1,13.9,14.0
20170111,14.05,14.2,13.9,14.0
20170112,14.0,14.0,13.7,13.9
20170113,14.05,14.11,13.82,14.0
20170116,14.0,14.0,14.0,14.0
20170117,14.0,14.0,13.6,13.6
20170118,13.6,13.75,13.38,13.7
20170119,13.8,13.85,13.6,13.75
20170120,13.85,14.15,13.6,13.65
20170123,13.65,13.9,13.6,13.9
20170124,14.0,14.05,13.85,14.0
20170125,14.15,14.2,13.9,13.95
20170126,14.1,14.2,13.8,14.15
20170127,14.2,14.2,13.85,14.1
20170130,14.1,14.1,13.65,13.7
20170131,13.75,14.0,13.6,13.8
20170201,13.95,14.05,13.7,13.95
20170202,13.95,13.95,13.6,13.75
20170203,13.9,13.95,13.6,13.8
20170206,13.85,13.9,13.6,13.7
20170207,13.7,13.85,13.55,13.8
20170208,13.75,13.8,13.55,13.55
20170209,13.7,13.9,13.55,13.85
20170210,13.95,14.1,13.85,14.0
20170213,14.15,14.2,13.7,13.9
20170214,13.9,14.2,13.6,14.0
20170215,14.0,14.1,13.9,14.0
20170216,14.05,14.2,13.8,14.0
20170217,14.0,14.05,13.75,14.0
20170220,14.0,14.0,14.0,14.0
20170221,14.05,14.3,13.9,14.0
20170222,14.0,14.98,14.0,14.95
20170223,15.0,15.1,14.5,14.65
20170224,14.2,14.85,14.2,14.7
20170227,14.8,14.9,14.35,14.4
20170228,14.45,14.5,14.0,14.05
20170301,14.25,14.7,14.2,14.55
20170302,14.55,14.65,14.2,14.3
20170303,14.3,14.5,13.75,13.85
20170306,13.85,14.0,13.65,13.75
20170307,13.75,13.8,13.45,13.45
20170308,13.6,13.6,13.2,13.35
20170309,13.4,13.65,13.2,13.5
20170310,13.65,13.9,13.2,13.85
20170313,13.9,14.0,13.65,13.9
20170314,13.75,13.95,13.6,13.8
20170315,13.8,14.3,13.65,14.25
20170316,14.25,15.1,14.2,15.1
20170317,15.05,15.65,15.0,15.6
20170320,15.45,15.55,14.8,15.0
20170321,15.1,15.1,14.75,14.85
20170322,14.85,14.85,14.55,14.75
20170323,14.85,15.0,14.8,14.95
20170324,14.95,14.95,14.75,14.9
20170327,14.85,15.1,14.75,15.05
20170328,14.9,15.05,14.65,15.0
20170329,15.05,15.15,14.9,15.0
20170330,15.15,15.65,15.07,15.45
20170331,15.45,15.9,15.45,15.85
20170403,15.85,16.1,15.57,15.95
20170404,16.0,16.45,15.95,16.45
20170405,16.5,17.05,16.43,16.7
20170406,16.65,16.65,16.15,16.5
20170407,16.45,16.55,16.1,16.45
20170410,16.4,16.6,16.2,16.4
20170411,16.4,17.0,16.3,16.95
20170412,17.0,17.0,16.45,16.5
20170413,16.45,16.6,15.65,15.7
20170414,15.7,15.7,15.7,15.7
20170417,15.85,16.0,15.65,15.85
20170418,15.8,16.05,15.65,16.05
20170419,16.15,16.2,15.75,15.9
20170420,16.0,16.55,15.9,16.45
20170421,16.4,16.5,16.1,16.15
20170424,16.5,16.7,16.45,16.5
20170425,16.7,16.85,16.5,16.55
20170426,16.55,17.05,16.45,16.9
20170427,16.9,17.0,16.6,16.65
20170428,16.65,16.65,16.2,16.3
20170501,16.35,16.55,16.25,16.35
20170502,16.4,16.4,16.0,16.1
20170503,16.0,16.2,15.8,16.0
20170504,16.0,16.3,15.85,15.95
20170505,15.95,16.0,15.7,15.9
20170508,16.25,17.08,16.2,16.9
20170509,16.9,17.1,16.6,17.1
20170510,17.05,17.35,16.9,17.3
20170511,17.2,17.4,16.85,17.0
20170512,16.9,17.35,16.9,17.1
20170515,17.2,17.8,17.2,17.75
20170516,17.85,17.85,17.52,17.7
20170517,17.45,17.6,16.9,16.9
20170518,16.8,16.85,16.4,16.55
20170519,16.5,16.95,16.5,16.6
20170522,16.65,16.85,16.45,16.75
20170523,16.9,17.05,16.58,16.9
20170524,16.85,17.25,16.65,16.7
20170525,16.65,17.15,16.65,17.0
20170526,16.95,16.95,16.48,16.7
20170529,16.7,16.7,16.7,16.7
20170530,16.5,17.2,16.45,17.1
20170531,17.1,17.1,16.75,16.9
20170601,16.9,17.3,16.9,17.1
20170602,17.1,18.0,17.1,17.25
20170605,17.3,17.65,17.08,17.15
20170606,17.4,18.0,17.3,17.9
20170607,17.9,19.35,17.8,18.85
20170608,18.9,19.4,18.8,19.2
20170609,19.2,19.45,18.9,18.9
20170612,19.15,19.4,18.95,19.1
20170613,19.15,19.15,18.65,18.95
20170614,18.85,18.85,18.1,18.25
20170615,18.0,18.48,17.75,18.4
20170616,18.2,18.5,18.15,18.35
20170619,18.35,18.45,18.2,18.25
20170620,18.25,18.75,18.15,18.65
20170621,18.75,18.85,18.1,18.1
20170622,18.2,18.4,18.15,18.2
20170623,18.2,18.2,17.95,18.1
20170626,18.1,18.5,17.85,18.3
20170627,18.35,18.6,17.85,18.0
20170628,18.05,18.4,18.05,18.2
20170629,18.25,18.3,17.75,18.15
20170630,18.1,18.3,17.9,17.95
20170703,17.95,19.1,17.95,18.95
20170704,18.95,18.95,18.95,18.95
20170705,18.75,18.75,17.8,17.95
20170706,17.9,18.3,17.8,18.0
20170707,18.0,18.7,18.0,18.6
20170710,18.45,18.55,17.9,17.9
20170711,18.05,18.275,17.75,18.2
20170712,18.3,18.55,17.95,18.15
20170713,18.15,18.4,17.95,18.15
20170714,18.1,18.55,18.1,18.2
20170717,18.25,18.7,18.09,18.4
20170718,18.25,18.65,18.15,18.65
20170719,18.6,19.05,18.55,18.7
20170720,18.7,18.75,18.15,18.4
20170721,18.7,18.7,18.0,18.1
20170724,18.2,18.45,17.9,18.35
20170725,18.4,18.5,18.05,18.1
20170726,18.15,18.2,17.6,17.7
20170727,17.8,17.8,17.1,17.5
20170728,17.4,17.9,17.15,17.85
20170731,17.8,17.8,16.9,17.0
20170801,17.1,17.95,17.1,17.55
20170802,17.6,18.0,17.3,17.9
20170803,17.9,17.96,17.2,17.35
20170804,17.35,17.45,15.95,16.0
20170807,16.1,16.5,15.4,16.05
20170808,16.1,17.9,16.1,17.65
20170809,17.5,17.7,17.25,17.6
20170810,17.55,17.8,17.3,17.7
20170811,17.75,17.75,17.1,17.35
20170814,17.5,18.05,17.45,18.0
20170815,18.0,18.15,17.7,17.85
20170816,17.85,18.15,17.8,18.05
20170817,18.0,18.5,17.9,18.3
20170818,18.1,18.2,17.85,18.1
20170821,18.05,18.1,17.75,17.95
20170822,18.0,18.25,17.85,18.2
20170823,18.05,18.35,17.75,18.1
20170824,18.2,18.3,17.7,17.8
20170825,17.85,18.1,17.8,18.05
20170828,18.05,18.15,17.8,18.0
20170829,17.9,18.35,17.8,18.25
20170830,18.25,18.65,18.2,18.5
20170831,18.55,18.95,18.45,18.8
20170901,18.8,18.8,18.1,18.35
20170904,18.35,18.35,18.35,18.35
20170905,18.3,18.45,17.95,18.2
20170906,18.25,18.55,18.1,18.3
20170907,18.2,18.8,18.0,18.55
20170908,18.6,18.85,18.3,18.55
20170911,18.65,18.8,18.55,18.65
20170912,18.65,18.9,18.65,18.75
20170913,18.8,19.15,18.7,18.8
20170914,18.75,19.1,18.75,19.1
20170915,19.05,19.05,18.7,18.8
20170918,18.8,19.55,18.8,19.45
20170919,19.3,19.35,19.0,19.25
20170920,19.35,19.85,19.3,19.65
20170921,19.6,20.0,19.35,19.75
20170922,19.75,20.0,19.6,20.0
20170925,20.0,20.0,19.5,19.7
20170926,19.7,20.1,19.7,19.95
20170927,19.95,20.3,19.825,20.15
20170928,20.15,20.4,19.8,20.35
20170929,20.4,21.3,20.3,20.95
20171002,20.95,21.95,20.85,21.9
20171003,21.95,22.2,20.95,21.8
20171004,21.75,22.45,21.75,22.0
20171005,22.1,22.35,21.95,22.05
20171006,21.95,22.15,21.9,22.1
20171009,22.2,22.4,21.85,22.1
20171010,22.05,22.25,21.95,22.05
20171011,22.15,22.3,22.05,22.15
20171012,22.1,22.2,21.875,21.95
20171013,22.15,22.45,22.1,22.3
20171016,22.4,22.6,21.95,22.1
20171017,22.15,22.45,22.05,22.1
20171018,22.15,22.65,22.1,22.4
20171019,22.35,22.45,22.05,22.15
20171020,22.35,22.55,22.1,22.3
20171023,22.25,22.25,21.75,21.9
20171024,22.0,22.35,21.95,21.95
20171025,21.95,22.0,21.7,21.85
20171026,21.9,22.2,21.8,22.0
20171027,22.0,22.05,21.63,21.8
20171030,21.75,21.75,21.05,21.15
20171031,21.15,21.85,21.005,21.6
20171101,21.8,21.9,21.15,21.35
20171102,21.35,21.75,21.3,21.5
20171103,21.55,21.7,21.35,21.5
20171106,21.5,21.65,21.2,21.45
20171107,20.7,20.7,19.5,20.5
20171108,20.45,21.3,20.45,21.0
20171109,20.9,21.05,20.35,20.95
20171110,21.0,21.15,20.75,20.8
20171113,20.8,21.0,20.75,20.75
20171114,20.6,20.7,20.45,20.55
20171115,20.45,20.65,20.25,20.35
20171116,20.4,20.95,20.35,20.75
20171117,20.65,20.95,20.65,20.7
20171120,20.75,21.0,20.725,20.95
20171121,21.1,21.85,21.1,21.75
20171122,21.75,21.85,21.125,21.2
20171123,21.2,21.2,21.2,21.2
20171124,21.3,21.4,20.9,21.3
20171127,21.35,21.45,20.9,21.0
20171128,21.05,21.5,20.975,21.45
20171129,21.55,22.05,21.5,21.6
20171130,21.6,21.75,21.1,21.35
20171201,21.45,21.45,20.5,21.1
20171204,21.35,21.6,20.9,21.05
20171205,21.0,21.25,20.7,20.7
20171206,20.75,20.85,20.65,20.7
20171207,20.75,20.95,20.05,20.05
20171208,20.2,20.35,19.65,19.75
20171211,19.7,19.95,19.35,19.45
20171212,19.5,19.95,19.45,19.65
20171213,19.6,20.15,19.35,19.45
20171214,19.4,19.55,18.9,19.0
20171215,19.1,19.55,18.9,18.95
20171218,19.15,19.61,19.15,19.35
20171219,19.35,19.5,18.8,19.0
20171220,19.05,19.5,18.8,19.25
20171221,19.35,19.9,19.3,19.5
20171222,19.5,19.7,19.35,19.4
20171225,19.4,19.4,19.4,19.4
20171226,19.35,19.7,19.35,19.5
20171227,19.6,19.7,19.3,19.55
20171228,19.6,19.8,19.45,19.75
20171229,19.85,20.0,19.475,19.5
20180101,19.5,19.5,19.5,19.5
20180102,19.55,20.1,19.55,20.0
20180103,22.1,22.1,20.55,20.6
20180104,20.7,21.15,20.7,20.95
20180105,20.95,21.15,20.75,20.95
20180108,21.0,21.5,20.775,21.25
20180109,21.3,21.6,21.15,21.15
20180110,21.05,21.35,20.875,20.95
20180111,21.05,21.8,21.05,21.75
20180112,21.7,21.75,21.2,21.3
20180115,21.3,21.3,21.3,21.3
20180116,21.4,21.6,20.85,20.95
20180117,21.0,21.4,20.75,21.35
20180118,21.25,21.6,20.7,21.25
20180119,21.25,22.0,21.2,21.8
20180122,21.8,21.85,21.45,21.5
20180123,21.45,21.65,21.35,21.55
20180124,21.7,21.75,21.2,21.4
20180125,21.55,21.8,21.3,21.7
20180126,21.7,21.7,21.35,21.5
20180129,21.5,21.75,21.35,21.5
20180130,21.25,21.7,21.25,21.4
20180131,21.4,21.65,21.0,21.0
20180201,20.9,21.25,20.775,21.15
20180202,20.95,20.95,20.5,20.7
20180205,20.5,20.8,19.65,19.65
20180206,19.25,20.05,19.25,19.85
20180207,19.75,20.3,19.6,20.2
20180208,20.3,20.3,19.4,19.5
20180209,19.7,19.85,19.2,19.7
20180212,19.7,19.85,19.3,19.75
20180213,19.55,19.75,19.3,19.45
20180214,19.25,19.75,19.25,19.5
20180215,19.6,19.95,19.4,19.9
20180216,19.8,20.05,19.65,19.7
20180219,19.7,19.7,19.7,19.7
20180220,19.65,19.85,19.45,19.45
20180221,19.55,19.8,19.25,19.3
20180222,19.4,19.95,19.4,19.8
20180223,19.9,20.0,19.65,19.75
20180226,19.95,20.0,19.75,19.9
20180227,19.85,20.05,19.25,19.25
20180228,19.3,19.525,18.95,18.95
20180301,18.85,19.325,18.85,19.0
20180302,18.9,19.51,18.9,19.5
20180305,19.4,19.9,19.15,19.75
20180306,19.75,20.65,19.5,20.6
20180307,20.5,20.85,20.35,20.65
20180308,20.8,21.4,20.75,21.3
20180309,21.4,21.85,21.4,21.55
20180312,21.7,21.75,21.45,21.5
20180313,21.5,22.0,21.5,21.85
20180314,21.9,22.05,21.55,21.7
20180315,21.85,22.2,21.8,21.9
20180316,21.9,22.25,21.75,22.1
20180319,21.95,22.0,21.5,21.85
20180320,21.85,21.95,21.65,21.65
20180321,21.7,22.1,21.7,21.8
20180322,21.65,21.8,21.25,21.25
20180323,21.4,21.4,20.4,20.4
20180326,20.65,21.15,20.6,21.05
20180327,21.05,21.45,20.95,21.15
20180328,21.15,21.4,20.95,21.0
20180329,21.0,21.325,20.95,21.15
20180330,21.15,21.15,21.15,21.15
20180402,21.1,21.3,20.1,20.25
20180403,20.4,20.875,20.0,20.85
20180404,20.55,21.2,20.55,21.0
20180405,21.25,23.45,21.15,23.35
20180406,23.05,24.15,23.05,23.45
20180409,23.7,23.7,22.7,22.8
20180410,23.0,23.45,23.0,23.05
20180411,22.75,23.2,22.55,23.15
20180412,23.25,23.7,23.245,23.55
20180413,23.7,23.7,23.25,23.35
20180416,23.6,24.0,23.5,23.8
20180417,23.85,23.95,23.35,23.8
20180418,23.9,24.2,23.65,23.75
20180419,23.7,24.1,23.65,23.75
20180420,23.75,24.25,23.55,24.2
20180423,24.2,24.5,23.95,24.15
20180424,24.3,24.3,23.9,24.15
20180425,24.1,24.55,24.0,24.35
20180426,24.35,24.6,23.75,23.9
20180427,23.9,24.15,23.5,23.6
20180430,23.75,24.05,23.25,23.3
20180501,23.2,23.25,22.75,23.1
20180502,23.2,23.5,22.95,23.05
20180503,22.9,23.0,22.45,22.65
20180504,22.55,22.55,21.6,22.25
20180507,23.25,24.0,20.3,21.45
20180508,21.4,22.5,21.3,22.45
20180509,22.45,22.6,21.9,22.25
20180510,22.4,22.85,22.3,22.6
20180511,22.7,22.85,22.45,22.7
20180514,22.75,22.8,22.05,22.05
20180515,19.95,21.1,19.9,20.5
20180516,20.65,20.95,20.3,20.75
20180517,20.65,20.65,19.3,19.8
20180518,19.05,19.15,18.15,18.35
20180521,18.6,19.1,18.4,18.8
20180522,18.95,19.05,18.3,18.4
20180523,18.4,18.85,18.25,18.75
20180524,18.6,18.8,18.4,18.5
20180525,18.55,18.85,18.37,18.5
20180528,18.5,18.5,18.5,18.5
20180529,18.35,19.65,18.35,19.55
20180530,19.55,19.8,19.1,19.4
20180531,19.8,19.8,19.3,19.6
20180601,19.6,20.15,19.5,19.95
20180604,19.95,20.7,19.85,20.65
20180605,20.55,20.775,20.05,20.5
20180606,20.5,20.8,20.1,20.7
20180607,20.6,20.65,20.2,20.45
20180608,20.45,20.65,20.3,20.5
20180611,20.45,20.75,20.35,20.5
20180612,20.5,20.7,20.05,20.25
20180613,20.25,20.775,20.25,20.55
20180614,20.45,20.9,20.35,20.55
20180615,20.35,20.55,20.2,20.5
20180618,20.45,21.0,20.325,20.75
20180619,20.65,20.8,19.6,20.0
20180620,20.05,20.2,19.75,20.0
20180621,20.05,20.05,19.4,19.4
20180622,19.5,19.7,19.075,19.5
20180625,19.35,19.55,19.1,19.45
20180626,19.5,20.05,19.35,19.85
20180627,19.8,20.0,19.3,19.3
20180628,19.3,19.5,19.025,19.2
20180629,19.3,19.35,19.05,19.2
20180702,19.05,19.3,18.9,19.25
20180703,19.25,19.725,19.25,19.3
20180704,19.3,19.3,19.3,19.3
20180705,19.4,19.5,19.0,19.4
20180706,19.4,19.5,19.05,19.2
20180709,19.25,19.5,19.2,19.4
20180710,19.4,19.45,19.05,19.15
20180711,18.85,19.2,18.55,18.65
20180712,18.7,18.9,18.4,18.6
20180713,18.6,18.65,18.025,18.1
20180716,18.1,18.3,17.9,17.95
20180717,18.0,18.25,18.0,18.1
20180718,18.1,18.3,17.97,18.15
20180719,18.15,18.625,18.15,18.55
20180720,18.55,18.55,18.3,18.3
20180723,18.35,18.45,18.05,18.15
20180724,18.25,18.35,17.925,18.15
20180725,18.2,18.25,17.8,18.0
20180726,17.95,18.35,17.95,18.15
20180727,18.15,18.2,17.7,17.9
20180730,18.4,20.75,18.4,20.7
20180731,20.85,21.55,20.5,21.55
20180801,21.45,22.3,21.1,22.05
20180802,21.8,22.15,21.7,21.85
20180803,21.9,21.95,21.325,21.85
20180806,21.85,21.9,21.6,21.8
20180807,21.9,22.2,21.6,21.75
20180808,21.85,22.0,21.45,21.55
20180809,21.65,22.1,21.625,21.85
20180810,21.75,22.0,21.6,21.7
20180813,21.8,21.8,21.1,21.35
20180814,21.5,21.7,21.4,21.6
20180815,21.5,21.55,21.1,21.3
20180816,21.4,21.75,21.4,21.55
20180817,21.55,22.0,21.4,21.95
20180820,22.0,22.0,21.5,21.55
20180821,21.65,22.25,21.65,22.15
20180822,22.0,22.45,21.95,22.4
20180823,22.5,22.5,22.15,22.35
20180824,22.45,22.8,22.3,22.75
20180827,22.75,23.1,22.5,22.8
20180828,23.0,23.0,22.65,22.8
20180829,22.9,22.9,22.35,22.45
20180830,22.4,22.5,21.85,22.2
20180831,22.25,22.5,22.1,22.25
20180903,22.25,22.25,22.25,22.25
20180904,22.1,22.25,21.65,22.15
20180905,22.2,22.55,21.9,22.55
20180906,22.4,22.6,22.2,22.5
20180907,22.5,22.6,22.25,22.45
20180910,22.6,24.05,22.5,23.2
20180911,23.2,23.5,22.95,23.4
20180912,23.35,23.65,23.1,23.55
20180913,23.7,23.7,23.15,23.45
20180914,23.5,24.5,23.45,24.05
20180917,24.1,24.45,23.85,24.3
20180918,24.15,24.975,24.05,24.85
20180919,24.8,25.05,24.55,24.7
20180920,24.75,25.35,24.75,25.25
20180921,25.25,25.7,24.605,25.45
20180924,25.6,25.6,24.65,25.0
20180925,25.0,25.0,24.15,24.25
20180926,24.25,24.5,24.0,24.0
20180927,24.0,24.25,23.9,24.2
20180928,23.85,24.15,22.3,23.25
20181001,23.31,23.46,22.52,22.75
20181002,22.81,22.95,22.57,22.75
20181003,22.75,22.975,22.58,22.58
20181004,22.51,22.56,22.18,22.28
20181005,20.0,20.5,17.04,17.26
20181008,17.25,17.58,16.61,17.51
20181009,17.33,17.59,17.07,17.12
20181010,17.12,17.14,16.07,16.19
20181011,16.16,16.56,16.09,16.1
20181012,16.32,16.39,15.8,15.86
20181015,15.84,15.93,15.49,15.63
20181016,15.85,16.43,15.8,16.31
20181017,16.22,16.22,15.71,15.81
20181018,15.62,15.79,15.48,15.5
20181019,15.47,15.81,15.32,15.48
20181022,15.53,15.91,15.51,15.63
20181023,15.41,15.83,15.295,15.71
20181024,15.7,15.83,15.31,15.31
20181025,15.45,16.05,15.355,15.66
20181026,15.46,15.71,15.25,15.55
20181029,15.68,15.91,15.5,15.88
20181030,15.89,16.42,15.8,16.41
20181031,16.62,16.67,15.79,15.86
20181101,15.93,16.44,15.83,16.23
20181102,16.32,16.59,16.24,16.43
20181105,16.5,16.78,16.29,16.7
20181106,16.45,17.36,15.755,16.77
20181107,16.85,17.05,16.27,16.56
20181108,16.5,17.11,16.5,16.79
20181109,16.66,16.82,16.3,16.47
20181112,16.45,16.51,15.96,16.11
20181113,16.22,16.335,16.03,16.05
20181114,16.26,16.52,15.98,16.07
20181115,16.0,16.52,15.985,16.35
20181116,16.18,16.445,16.08,16.36
20181119,16.36,16.75,16.17,16.54
20181120,16.33,16.97,16.155,16.47
20181121,16.55,16.8,16.36,16.52
20181122,16.52,16.52,16.52,16.52
20181123,16.38,16.7,16.38,16.55
20181126,16.71,16.8,16.32,16.33
20181127,16.21,16.45,16.14,16.18
20181128,16.28,16.72,16.0,16.68
20181129,16.54,16.69,16.33,16.35
20181130,16.36,16.61,16.26,16.5
20181203,16.7,16.7,15.97,16.58
20181204,16.41,16.41,15.81,16.11
20181205,16.11,16.11,16.11,16.11
20181206,15.86,16.21,15.51,16.21
20181207,16.14,16.38,16.04,16.23
20181210,16.16,16.3,15.75,15.84
20181211,16.05,16.16,15.66,15.82
20181212,15.93,16.335,15.88,15.99
20181213,15.97,16.16,15.66,15.73
20181214,15.65,15.94,15.53,15.68
20181217,15.65,15.91,15.23,15.33
20181218,15.4,15.73,15.14,15.17
20181219,15.15,15.54,14.85,14.93
20181220,14.91,15.1,14.7,14.89
20181221,14.87,15.08,14.54,14.67
20181224,14.68,14.84,14.25,14.38
20181225,14.38,14.38,14.38,14.38
20181226,14.43,14.85,14.24,14.84
20181227,14.55,14.96,14.475,14.94
20181228,14.98,15.25,14.82,15.12
20181231,15.21,15.28,14.87,15.11
20190101,15.11,15.11,15.11,15.11
20190102,14.86,15.38,14.79,15.25
20190103,15.16,15.305,14.64,14.66
20190104,14.83,15.21,14.75,15.21
20190107,15.2,15.32,14.98,15.11
20190108,15.24,15.82,15.2,15.57
20190109,15.6,15.755,15.4,15.54
20190110,15.4,15.9,15.4,15.78
20190111,15.65,16.0,15.54,15.94
20190114,15.9,16.15,15.86,15.88
20190115,15.87,15.97,15.78,15.94
20190116,15.94,16.23,15.94,16.16
20190117,16.1,16.53,16.1,16.39
20190118,16.36,16.47,16.18,16.25
20190121,16.25,16.25,16.25,16.25
20190122,16.08,16.42,15.9,16.05
20190123,16.11,16.13,15.74,16.03
20190124,15.99,16.2,15.92,16.2
20190125,16.31,16.64,16.31,16.49
20190128,16.34,16.38,16.0,16.12
20190129,16.24,16.3,16.03,16.07
20190130,16.07,16.29,16.0,16.26
20190131,16.23,16.47,16.19,16.26
20190201,16.22,16.44,16.14,16.29
20190204,16.25,16.59,16.25,16.46
20190205,16.52,16.76,16.3,16.41
20190206,16.42,16.72,16.42,16.53
20190207,16.34,16.51,16.17,16.23
20190208,16.23,16.34,15.91,16.06
20190211,16.11,16.45,15.93,16.42
20190212,16.52,16.75,16.35,16.75
20190213,16.7,16.825,16.53,16.72
20190214,16.64,17.0,16.64,16.87
20190215,17.02,17.24,17.01,17.2
20190218,17.2,17.2,17.2,17.2
20190219,17.18,17.73,17.18,17.62
20190220,17.64,17.85,17.44,17.76
20190221,17.71,17.86,17.51,17.59
20190222,17.66,18.05,17.66,18.04
20190225,18.1,18.12,17.76,17.82
20190226,17.81,17.82,17.59,17.61
20190227,17.59,17.64,17.26,17.34
20190228,18.23,19.43,18.02,19.08
20190301,19.32,19.375,18.02,18.35
20190304,18.3,19.37,18.23,19.33
20190305,19.26,19.32,18.88,18.95
20190306,18.98,19.04,18.55,18.58
20190307,18.47,18.79,18.24,18.41
20190308,18.26,18.505,18.26,18.39
20190311,18.43,18.76,18.37,18.68
20190312,18.67,18.88,18.29,18.31
20190313,18.4,18.5,18.22,18.23
20190314,18.24,18.31,18.05,18.2
20190315,18.23,18.31,17.78,17.88
20190318,17.82,18.44,17.82,18.31
20190319,18.29,18.37,18.05,18.14
20190320,18.14,18.28,17.7507,17.96
20190321,17.86,18.22,17.85,18.01
20190322,17.89,17.89,17.02,17.04
20190325,17.04,17.5,16.89,17.29
20190326,17.33,17.61,17.19,17.27
20190327,17.19,17.41,16.96,17.29
20190328,17.28,17.46,17.09,17.38
20190329,17.45,17.52,16.93,17.11
20190401,17.23,17.41,17.1,17.32
20190402,17.38,17.38,17.04,17.16
20190403,17.26,17.48,17.08,17.19
20190404,17.2,17.48,17.17,17.36
20190405,17.38,17.69,17.38,17.56
20190408,17.45,17.62,17.39,17.54
20190409,17.46,17.67,17.28,17.38
20190410,17.41,18.3,17.41,18.19
20190411,18.16,18.22,18.0,18.03
20190412,18.07,18.33,18.07,18.28
20190415,18.35,18.51,18.2,18.22
20190416,18.32,18.53,18.14,18.5
20190417,18.54,18.545,18.215,18.36
20190418,18.24,18.56,18.24,18.38
20190419,18.38,18.38,18.38,18.38
20190422,18.35,18.42,18.04,18.12
20190423,18.07,18.26,18.01,18.21
20190424,18.19,18.5,18.08,18.1
20190425,18.04,18.04,17.61,17.67
20190426,17.7,18.25,17.63,17.99
20190429,18.0,18.09,17.77,17.91
20190430,17.91,18.23,17.62,17.89
20190501,17.89,18.07,17.67,17.78
20190502,17.74,17.98,17.65,17.75
20190503,17.78,18.18,17.715,17.95
20190506,17.7,18.23,17.7,18.18
20190507,18.01,18.04,17.5,17.59
20190508,17.94,18.09,17.31,17.65
20190509,17.63,18.075,17.46,17.88
20190510,17.91,18.0,17.49,17.97
20190513,17.75,17.99,17.645,17.88
20190514,18.0,18.1,17.84,18.01
20190515,17.93,18.37,17.93,18.2
20190516,18.21,18.31,18.09,18.2
20190517,18.02,18.16,17.84,17.88
20190520,17.8,17.95,17.67,17.73
20190521,17.86,17.93,17.69,17.88
20190522,17.84,17.87,17.62,17.69
20190523,17.57,17.77,17.14,17.27
20190524,17.4,17.64,17.13,17.28
20190527,17.28,17.28,17.28,17.28
20190528,17.32,17.56,17.24,17.46
20190529,17.3,17.3,17.01,17.1
20190530,17.14,17.22,16.98,17.09
20190531,16.87,17.02,16.74,16.92
20190603,16.95,17.4,16.8599,17.4
20190604,17.55,18.19,17.51,18.19
20190605,18.25,18.39,17.87,18.02
20190606,18.04,18.67,17.91,18.52
20190607,18.68,19.11,18.65,18.72
20190610,18.75,18.86,18.41,18.51
20190611,18.61,18.69,18.16,18.42
20190612,18.45,18.655,18.31,18.44
20190613,18.44,18.55,18.3,18.4
20190614,18.57,18.57,18.2,18.22
20190617,18.25,18.36,18.18,18.21
20190618,18.35,18.72,18.22,18.36
20190619,18.42,18.545,18.32,18.49
20190620,18.67,18.88,18.655,18.84
20190621,18.73,18.85,18.495,18.7
20190624,18.64,18.75,18.34,18.35
20190625,18.35,18.62,18.26,18.59
20190626,18.63,18.81,18.42,18.53
20190627,18.53,19.13,18.53,19.13
20190628,19.12,19.43,19.12,19.27
20190701,19.36,19.55,18.95,19.23
20190702,19.26,19.26,18.8362,19.0
20190703,19.08,19.17,18.82,19.16
20190704,19.16,19.16,19.16,19.16
20190705,19.08,19.17,18.83,19.08
20190708,19.0,19.16,18.78,18.8
20190709,18.76,18.7683,18.45,18.66
20190710,18.76,18.7923,18.49,18.5
20190711,18.48,18.55,18.18,18.33
20190712,18.44,18.61,18.3435,18.52
20190715,18.5,18.54,17.32,17.45
20190716,17.51,17.81,17.4,17.52
20190717,17.67,17.67,17.32,17.38
20190718,17.32,17.42,17.09,17.41
20190719,17.37,17.65,17.3,17.46
20190722,17.56,17.58,17.16,17.36
20190723,17.43,17.73,17.43,17.55
20190724,17.48,17.77,17.2,17.77
20190725,17.77,17.79,17.51,17.65
20190726,17.73,18.08,17.55,18.01
20190729,18.03,18.0651,17.715,17.91
20190730,18.26,18.26,17.31,17.8
20190731,17.63,17.78,16.12,16.17
20190801,16.17,16.49,15.92,16.06
20190802,15.91,16.4,15.89,16.17
20190805,15.85,16.01,15.52,15.64
20190806,15.68,15.94,15.61,15.76
20190807,15.7,16.1,15.675,15.86
20190808,15.94,16.13,15.9,15.94
20190809,15.97,16.11,15.75,15.77
20190812,15.7,15.75,15.44,15.47
20190813,15.41,16.0,15.25,15.54
20190814,15.22,15.41,14.91,14.96
20190815,15.0,15.15,14.84,15.04
20190816,15.13,15.61,15.13,15.59
20190819,15.81,15.9,15.545,15.67
20190820,15.6,15.75,15.49,15.55
20190821,15.71,15.83,15.53,15.6
20190822,15.58,15.68,15.47,15.55
20190823,15.48,15.61,15.1,15.12
20190826,15.35,15.55,15.17,15.33
20190827,15.49,16.59,15.49,16.34
20190828,16.39,16.87,16.22,16.81
20190829,17.03,17.15,16.88,17.11
20190830,17.17,17.31,16.79,16.83
20190902,16.83,16.83,16.83,16.83
20190903,16.75,16.92,16.26,16.35
20190904,16.55,16.64,16.41,16.52
20190905,16.77,17.3,16.77,16.77
20190906,16.78,16.91,16.35,16.39
20190909,16.47,16.92,16.47,16.75
20190910,16.79,17.07,16.6,16.96
20190911,17.14,17.62,16.84,17.6
20190912,17.52,17.87,17.29,17.78
20190913,17.98,18.14,17.85,18.03
20190916,17.91,18.2,17.91,18.09
20190917,17.93,18.27,17.76,18.22
20190918,18.22,18.23,17.82,17.9
20190919,17.9,18.22,17.81,17.86
20190920,17.88,18.12,17.69,17.73
20190923,17.56,17.8,17.525,17.67
20190924,17.73,17.77,17.36,17.45
20190925,17.49,18.08,17.38,17.98
20190926,17.91,18.0,17.56,17.62
20190927,17.7,17.92,17.57,17.66
20190930,17.69,17.8354,17.61,17.65
20191001,17.82,18.045,17.35,17.45
20191002,17.33,17.57,17.17,17.48
20191003,17.36,17.54,17.07,17.24
20191004,16.9,17.0,15.12,16.03
20191007,16.08,16.89,16.08,16.44
20191008,16.52,16.57,16.0786,16.17
20191009,16.43,16.53,16.03,16.16
20191010,16.28,16.42,15.97,16.0
20191011,16.2,16.45,16.06,16.09
20191014,16.08,16.48,16.0,16.4
20191015,16.25,16.42,15.89,16.18
20191016,16.11,16.55,16.11,16.36
20191017,16.4,16.53,16.33,16.41
20191018,16.32,16.55,16.32,16.4
20191021,16.68,16.8,16.42,16.44
20191022,16.51,16.6,16.36,16.47
20191023,16.53,16.63,16.38,16.55
20191024,16.55,16.6,16.1826,16.45
20191025,16.39,16.73,16.32,16.55
20191028,16.68,17.06,16.65,16.96
20191029,16.92,17.37,16.92,17.16
20191030,17.18,17.28,16.8487,17.23
20191031,17.23,17.23,16.84,16.93
20191101,17.08,17.19,16.93,17.17
20191104,17.33,17.33,16.99,17.11
20191105,17.32,18.465,16.86,17.33
20191106,17.16,17.22,16.61,16.66
20191107,16.83,16.97,16.654,16.69
20191108,16.72,16.9501,16.6,16.73
20191111,16.54,16.68,16.41,16.5
20191112,16.5,16.53,16.25,16.25
20191113,16.08,16.22,16.062,16.2
20191114,16.15,16.39,16.15,16.32
20191115,16.44,16.46,15.85,15.95
20191118,15.86,16.11,15.84,15.9
20191119,16.3,16.5,15.99,16.18
20191120,16.17,16.3,15.96,16.08
20191121,16.19,16.22,15.95,16.0
20191122,16.09,16.51,16.0,16.28
20191125,16.27,16.7498,16.19,16.64
20191126,16.75,16.81,16.64,16.72
20191127,16.84,16.855,16.64,16.68
20191128,16.68,16.68,16.68,16.68
20191129,16.58,16.58,16.43,16.55
20191202,16.61,16.78,16.385,16.45
20191203,16.34,16.62,16.25,16.5
20191204,16.59,16.68,16.33,16.4
20191205,16.37,16.78,16.37,16.62
20191206,16.81,16.885,16.6,16.78
20191209,16.77,16.95,16.7,16.81
20191210,16.74,16.81,16.37,16.38
20191211,16.49,16.88,16.44,16.74
20191212,16.72,17.23,16.72,17.02
20191213,16.98,17.13,16.89,16.98
20191216,17.16,17.28,16.95,17.01
20191217,17.02,17.34,16.97,17.25
20191218,17.33,17.5,17.14,17.38
20191219,17.36,17.51,17.2,17.36
20191220,17.36,17.45,17.04,17.15
20191223,17.15,17.16,16.7895,17.0
20191224,17.04,17.08,16.9,16.93
20191225,16.93,16.93,16.93,16.93
20191226,16.98,17.045,16.7,16.75
20191227,16.8,16.8,16.49,16.5
20191230,16.59,16.87,16.5,16.61
20191231,16.63,16.75,16.55,16.68
20200101,16.68,16.68,16.68,16.68
20200102,16.79,16.99,16.52,16.63
20200103,16.4,16.58,16.4,16.47
20200106,16.33,16.71,16.33,16.46
20200107,16.35,16.535,16.32,16.45
20200108,16.45,16.66,16.41,16.45
20200109,16.54,16.59,16.38,16.42
20200110,16.43,16.52,16.26,16.47
20200113,16.47,16.69,16.42,16.69
20200114,16.66,16.7,16.4,16.55
20200115,16.48,16.88,16.48,16.61
20200116,16.77,17.01,16.655,16.88
20200117,16.95,17.12,16.71,17.01
20200120,17.01,17.01,17.01,17.01
20200121,16.88,17.02,16.67,16.98
20200122,16.98,17.17,16.95,17.11
20200123,17.05,17.38,16.92,17.35
20200124,17.33,17.33,16.91,16.93
20200127,16.7,16.96,16.64,16.79
20200128,16.99,17.04,16.72,16.75
20200129,16.79,16.84,16.54,16.57
20200130,16.45,16.64,16.38,16.64
20200131,16.57,16.69,16.11,16.18
20200203,16.3,16.51,16.25,16.51
20200204,16.65,16.93,16.55,16.58
20200205,16.77,16.99,16.7,16.79
20200206,16.92,17.09,16.86,16.88
20200207,16.79,16.81,16.55,16.62
20200210,16.66,16.66,16.4,16.55
20200211,16.68,16.86,16.61,16.72
20200212,16.87,16.87,16.6,16.65
20200213,16.59,16.72,16.45,16.6
20200214,16.62,16.7,16.37,16.4
20200217,16.4,16.4,16.4,16.4
20200218,16.38,16.5,15.83,15.88
20200219,15.9,15.95,15.61,15.67
20200220,15.66,15.76,15.56,15.75
20200221,15.72,15.72,15.45,15.56
20200224,15.17,15.245,15.01,15.06
20200225,15.06,15.06,14.39,14.43
20200226,14.48,14.6,14.14,14.3
20200227,14.03,14.26,13.61,13.62
20200228,13.29,13.59,13.28,13.57
20200302,13.67,14.03,13.485,13.96
20200303,13.6,13.89,13.255,13.59
20200304,13.92,14.86,13.73,14.84
20200305,14.38,14.85,14.36,14.76
20200306,14.36,14.73,14.12,14.61
20200309,13.6,13.83,13.12,13.27
20200310,13.64,13.64,12.98,13.48
20200311,13.08,13.08,12.41,12.77
20200312,12.1,12.46,11.54,11.6
20200313,12.19,12.38,11.31,12.24
20200316,11.03,11.38,10.78,11.06
20200317,11.2,12.17,10.69,12.13
20200318,11.51,11.7,6.91,7.25
20200319,7.15,10.11,7.06,9.71
20200320,9.73,10.05,8.63,8.84
20200323,8.98,9.2,8.5,9.01
20200324,9.65,9.65,8.98,9.38
20200325,9.16,9.52,8.73,9.05
20200326,9.17,10.6,9.12,10.54
20200327,10.08,11.17,9.8968,10.62
20200330,10.83,10.885,10.18,10.51
20200331,10.34,10.835,10.31,10.75
20200401,10.33,10.415,9.55,9.68
20200402,9.51,10.19,9.5,9.73
20200403,9.7,9.71,8.95,9.07
20200406,9.52,10.11,9.4669,10.07
20200407,10.28,10.5,9.36,9.52
20200408,9.67,10.01,9.3,9.99
20200409,10.27,11.48,10.25,11.38
20200413,11.09,11.225,10.8,10.87
20200414,11.17,11.2263,10.58,10.86
20200415,10.07,10.6136,10.07,10.27
20200416,10.26,10.59,10.03,10.52
20200417,10.78,11.3,10.64,10.7
20200420,10.41,10.68,10.24,10.45
20200421,10.11,10.49,10.02,10.22
20200422,10.56,10.77,10.21,10.71
20200423,10.58,11.11,10.58,10.84
20200424,10.79,10.9066,10.585,10.86
20200427,11.0,11.48,11.0,11.42
20200428,11.68,11.9,11.57,11.84
20200429,12.3,12.86,12.09,12.82
20200430,12.5,12.55,12.01,12.36
20200501,11.99,11.99,11.61,11.79
20200504,11.57,11.73,11.29,11.62
20200505,11.94,11.94,11.65,11.69
20200506,11.67,11.81,10.77,10.96
20200507,10.97,11.21,9.955,11.08
20200508,11.36,12.24,11.36,12.19
20200511,11.96,12.4,11.68,12.1
20200512,12.02,12.14,11.41,11.42
20200513,11.83,12.17,11.144,11.44
20200514,11.21,11.87,10.87,11.85
20200515,11.84,12.15,11.52,12.08
20200518,12.65,13.03,12.65,12.89
20200519,12.58,12.69,12.33,12.41
20200520,12.68,12.96,12.5,12.63
20200521,12.63,13.05,12.63,12.89
20200522,12.99,13.01,12.63,13.0
20200526,13.48,13.79,13.28,13.69
20200527,14.0,14.565,13.475,14.51
20200528,14.86,14.86,13.78,13.94
20200529,13.67,13.75,13.21,13.61
20200601,13.63,13.97,13.46,13.57
20200602,13.69,14.08,13.54,13.94
20200603,14.25,14.87,14.17,14.58
20200604,14.37,15.14,14.345,14.89
20200605,15.59,15.615,15.05,15.45
20200608,15.75,15.93,15.25,15.35
20200609,15.07,15.53,14.74,15.19
20200610,15.03,15.03,14.46,14.47
