20130201,31.5,31.74,30.47,31.01
20130204,31.09,31.99,30.76,31.02
20130205,31.25,31.98,30.85,31.04
20130206,30.98,31.43,30.75,31.03
20130207,31.0,32.73,31.0,32.0
20130208,32.31,33.48,32.3,33.05
20130211,33.06,33.5,32.88,33.26
20130212,33.4,34.0,33.15,33.74
20130213,33.8,33.8,33.0,33.55
20130214,33.39,33.45,32.77,33.27
20130215,33.31,34.09,33.0,33.98
20130218,33.98,33.98,33.98,33.98
20130219,34.02,34.07,33.57,33.84
20130220,33.84,33.88,32.6,32.72
20130221,32.5,32.8,31.86,32.56
20130222,32.78,32.93,32.5,32.59
20130225,32.68,32.69,32.0,32.07
20130226,32.05,32.4,31.99,32.04
20130227,32.0,33.05,32.0,32.32
20130228,32.56,33.55,32.56,33.45
20130301,33.36,34.7,33.15,34.6
20130304,34.8,34.89,34.24,34.35
20130305,34.41,34.48,33.75,34.29
20130306,34.34,34.38,33.85,33.85
20130307,33.95,34.68,33.56,34.56
20130308,34.03,34.69,33.8,34.09
20130311,33.97,34.26,33.25,34.18
20130312,34.12,34.25,33.6,33.82
20130313,33.9,34.06,33.08,34.0
20130314,34.33,35.42,34.3,34.64
20130315,34.7,34.84,33.31,33.44
20130318,32.75,32.94,32.64,32.84
20130319,32.8,33.42,32.33,32.8
20130320,32.9,33.54,32.5,33.51
20130321,33.9,34.0,33.29,33.47
20130322,33.55,33.75,32.74,33.12
20130325,33.48,33.48,32.25,32.46
20130326,32.73,32.79,32.0,32.51
20130327,32.26,32.89,32.06,32.74
20130328,32.85,33.5,32.63,33.4
20130329,33.4,33.4,33.4,33.4
20130401,33.42,33.59,32.43,32.59
20130402,32.66,33.13,32.46,32.55
20130403,32.67,32.98,32.36,32.53
20130404,32.41,32.5,31.71,31.84
20130405,31.73,32.07,30.57,31.96
20130408,31.95,32.98,31.77,32.92
20130409,33.05,33.59,32.56,33.44
20130410,33.76,33.76,32.98,33.15
20130411,33.22,33.24,32.87,33.16
20130412,32.97,33.35,32.6,33.23
20130415,33.07,33.23,32.17,32.24
20130416,32.54,33.37,32.29,33.21
20130417,32.98,33.23,32.17,32.89
20130418,33.1,33.1,32.38,32.47
20130419,32.71,32.79,31.81,32.71
20130422,32.9,32.9,32.22,32.66
20130423,32.78,32.96,31.5,31.7
20130424,31.63,31.69,30.42,30.62
20130425,30.93,31.99,30.75,31.55
20130426,31.61,32.68,31.61,32.64
20130429,32.95,32.95,32.17,32.66
20130430,33.68,34.74,32.93,33.02
20130501,32.97,33.51,32.66,33.39
20130502,33.38,33.87,33.11,33.28
20130503,33.62,33.64,33.0,33.21
20130506,33.35,33.49,32.75,32.94
20130507,33.08,33.08,32.3,32.88
20130508,33.0,33.44,32.72,33.26
20130509,33.31,33.67,33.28,33.55
20130510,33.54,33.61,32.97,33.18
20130513,33.06,33.49,32.75,33.04
20130514,33.13,33.75,32.85,33.08
20130515,32.94,33.06,32.56,32.79
20130516,33.48,33.8,33.16,33.39
20130517,33.35,33.9,33.19,33.9
20130520,33.9,34.0,33.6,33.71
20130521,33.57,33.74,32.99,33.04
20130522,32.55,33.99,31.75,33.55
20130523,33.25,33.8,32.71,32.84
20130524,33.2,33.62,32.53,33.46
20130527,33.46,33.46,33.46,33.46
20130528,33.8,34.28,33.59,34.26
20130529,34.25,34.25,32.88,32.95
20130530,32.77,33.1,32.1,32.24
20130531,32.3,32.34,31.8,32.0
20130603,32.01,32.84,31.31,32.75
20130604,32.83,32.99,31.84,32.4
20130605,32.42,32.42,31.75,32.17
20130606,32.17,32.31,31.54,32.08
20130607,32.26,32.34,31.21,31.5
20130610,31.83,32.11,31.47,32.01
20130611,31.7,32.02,31.4,31.7
20130612,31.95,32.03,31.4,31.53
20130613,31.47,31.55,30.87,31.17
20130614,31.0,31.26,30.61,30.8
20130617,31.4,31.76,30.71,30.96
20130618,31.33,31.39,30.95,31.18
20130619,31.06,31.24,30.82,31.0
20130620,30.89,31.04,30.05,30.19
20130621,30.55,31.09,30.34,30.6
20130624,30.15,30.5,29.4,30.38
20130625,30.8,31.62,30.5,31.49
20130626,31.8,31.9,30.92,30.97
20130627,31.46,31.51,30.79,30.87
20130628,30.9,31.39,30.54,30.89
20130701,31.02,31.06,30.13,30.61
20130702,30.22,30.83,29.62,29.7
20130703,29.67,29.74,28.97,29.28
20130704,29.28,29.28,29.28,29.28
20130705,29.81,30.18,29.78,30.17
20130708,30.45,30.97,30.22,30.94
20130709,31.12,31.4,30.94,30.98
20130710,31.08,31.24,30.47,31.04
20130711,31.43,31.45,30.84,30.92
20130712,31.02,31.38,31.01,31.35
20130715,31.31,31.65,31.1,31.58
20130716,31.56,31.65,31.1,31.16
20130717,31.23,31.23,30.85,30.99
20130718,31.11,31.2,30.77,30.82
20130719,30.79,30.8,30.12,30.24
20130722,30.36,30.59,30.16,30.27
20130723,30.41,30.44,29.76,30.06
20130724,30.13,30.55,29.66,29.9
20130725,29.88,30.55,29.71,30.52
20130726,30.4,30.53,30.0,30.43
20130729,30.27,30.54,29.98,30.09
20130730,30.15,30.32,29.89,30.04
20130731,30.0,30.19,29.8,29.81
20130801,29.97,30.21,29.46,30.16
20130802,30.12,30.96,29.91,30.94
20130805,30.47,31.39,30.47,31.25
20130806,31.68,32.5,31.09,31.13
20130807,31.1,31.4,30.65,31.24
20130808,31.4,31.83,31.18,31.24
20130809,31.14,31.24,30.78,30.91
20130812,30.68,30.99,30.04,30.33
20130813,30.5,30.75,30.2,30.45
20130814,30.5,30.63,30.08,30.14
20130815,29.94,30.16,29.79,30.02
20130816,29.94,30.2,29.75,30.0
20130819,29.91,30.3,29.84,29.87
20130820,29.86,30.41,29.71,30.23
20130821,30.07,30.19,29.6,29.85
20130822,29.83,30.01,29.57,29.87
20130823,29.88,30.23,29.64,30.2
20130826,30.16,30.16,29.65,29.8
20130827,29.53,29.67,29.0,29.2
20130828,29.07,29.83,28.81,29.57
20130829,29.43,29.61,29.22,29.47
20130830,29.45,29.5,29.04,29.15
20130902,29.15,29.15,29.15,29.15
20130903,29.46,29.78,29.19,29.43
20130904,29.45,29.71,29.35,29.69
20130905,29.72,30.49,29.66,30.33
20130906,30.45,30.95,29.97,30.61
20130909,30.64,31.0,30.35,30.59
20130910,31.33,31.82,30.86,30.95
20130911,31.36,31.46,30.89,31.33
20130912,31.36,31.39,30.82,31.08
20130913,31.07,31.3,30.91,31.05
20130916,31.44,32.18,31.39,31.85
20130917,32.02,32.52,31.98,32.38
20130918,32.28,32.73,31.96,32.72
20130919,32.8,32.9,32.16,32.51
20130920,32.68,32.75,31.87,32.19
20130923,32.19,32.19,31.35,31.58
20130924,31.62,31.66,31.21,31.48
20130925,31.48,31.59,31.03,31.06
20130926,31.22,31.64,31.2,31.58
20130927,31.56,31.6,31.05,31.15
20130930,31.1,31.32,30.93,31.12
20131001,31.12,32.04,31.01,31.78
20131002,31.67,32.13,31.43,32.0
20131003,31.79,31.82,31.34,31.48
20131004,32.29,32.56,31.64,32.05
20131007,31.7,32.38,31.59,31.93
20131008,31.86,32.09,31.46,31.53
20131009,31.73,31.73,31.08,31.43
20131010,31.78,32.36,31.47,32.36
20131011,32.44,32.77,32.03,32.4
20131014,32.03,32.46,31.86,32.29
20131015,32.22,32.42,32.0,32.07
20131016,32.26,32.97,32.26,32.89
20131017,32.83,33.19,32.77,33.03
20131018,33.16,33.3,32.85,33.22
20131021,33.16,33.34,32.62,32.77
20131022,32.92,33.0,32.26,32.51
20131023,32.48,32.9,32.48,32.6
20131024,32.75,32.89,32.5,32.74
20131025,32.8,32.8,32.35,32.47
20131028,32.53,32.53,31.94,31.98
20131029,31.99,32.3,31.92,32.03
20131030,32.17,32.61,31.95,32.06
20131031,32.0,32.28,31.66,31.66
20131101,31.77,31.93,31.38,31.84
20131104,31.84,31.99,31.52,31.93
20131105,31.9,31.96,31.26,31.69
20131106,32.08,32.18,30.89,31.27
20131107,31.38,31.53,30.86,31.04
20131108,31.17,31.63,30.96,31.59
20131111,31.7,32.0,31.62,31.77
20131112,31.75,31.98,31.45,31.84
20131113,31.65,31.81,31.28,31.72
20131114,31.93,32.18,31.48,31.68
20131115,31.69,31.87,31.41,31.81
20131118,31.84,31.96,31.46,31.62
20131119,31.66,31.95,31.2,31.42
20131120,31.42,31.82,31.21,31.37
20131121,31.49,31.72,31.32,31.58
20131122,31.64,31.73,31.25,31.36
20131125,31.41,31.42,31.06,31.29
20131126,31.46,31.92,31.39,31.42
20131127,31.45,31.55,31.1,31.28
20131128,31.28,31.28,31.28,31.28
20131129,31.29,31.45,31.08,31.15
20131202,31.31,31.6,31.09,31.15
20131203,31.13,31.24,30.89,31.09
20131204,31.07,31.34,30.96,31.21
20131205,31.2,31.7,30.99,31.44
20131206,31.62,31.69,31.3,31.54
20131209,31.56,31.94,31.39,31.75
20131210,31.62,31.62,31.2,31.36
20131211,31.43,31.54,30.76,31.09
20131212,30.98,31.41,30.98,31.17
20131213,31.31,31.89,31.23,31.58
20131216,31.67,32.0,31.55,32.0
20131217,31.91,31.97,31.32,31.64
20131218,31.61,32.2,31.3,32.17
20131219,32.14,32.37,31.66,32.31
20131220,32.33,32.69,32.26,32.38
20131223,32.61,32.64,32.16,32.37
20131224,32.3,32.48,32.07,32.37
20131225,32.37,32.37,32.37,32.37
20131226,32.5,32.78,32.4,32.59
20131227,32.69,32.77,32.47,32.67
20131230,32.74,32.84,32.54,32.67
20131231,32.8,32.81,32.46,32.69
20140101,32.69,32.69,32.69,32.69
20140102,32.53,32.66,32.11,32.36
20140103,32.34,32.5,32.02,32.05
20140106,32.3,32.73,31.85,31.98
20140107,32.19,32.45,31.95,32.1
20140108,31.71,32.09,31.51,31.74
20140109,31.83,31.97,31.53,31.96
20140110,31.9,32.56,31.86,32.54
20140113,32.39,32.42,31.69,31.78
20140114,31.94,31.99,31.65,31.85
20140115,31.89,31.96,31.68,31.81
20140116,31.85,32.08,31.71,32.0
20140117,31.91,32.09,31.63,31.73
20140120,31.73,31.73,31.73,31.73
20140121,31.98,32.09,31.26,31.27
20140122,31.42,31.67,31.26,31.46
20140123,31.46,31.83,31.4,31.74
20140124,31.51,31.67,31.3,31.46
20140127,31.53,31.62,31.26,31.36
20140128,31.32,31.62,31.19,31.44
20140129,31.27,31.45,30.72,30.78
20140130,31.07,31.33,30.59,30.67
20140131,30.39,30.54,30.07,30.36
20140203,30.4,30.55,30.14,30.37
20140204,30.56,30.75,30.14,30.23
20140205,30.1,30.43,29.95,30.13
20140206,30.09,30.24,30.0,30.05
20140207,30.11,30.8,30.11,30.7
20140210,30.78,31.53,30.78,31.14
20140211,29.63,29.75,28.77,29.13
20140212,29.2,30.13,29.13,30.0
20140213,29.93,30.17,29.56,29.67
20140214,29.62,30.0,29.55,29.88
20140217,29.88,29.88,29.88,29.88
20140218,29.91,30.59,29.88,30.27
20140219,30.04,30.16,29.63,29.75
20140220,29.74,30.17,29.64,29.97
20140221,29.99,30.03,29.53,29.61
20140224,29.78,30.07,29.62,29.7
20140225,29.56,30.38,29.55,30.13
20140226,30.04,30.45,30.0,30.4
20140227,30.4,30.74,30.35,30.72
20140228,30.75,31.02,30.63,31.02
20140303,30.79,31.18,30.79,30.99
20140304,31.23,31.3,30.8,30.89
20140305,31.0,31.14,30.59,30.72
20140306,30.82,31.05,30.67,30.78
20140307,30.88,30.99,30.47,30.58
20140310,30.62,30.64,30.2,30.35
20140311,30.47,30.63,30.08,30.28
20140312,30.07,30.24,29.65,29.7
20140313,29.72,29.78,29.06,29.25
20140314,29.25,29.82,29.23,29.42
20140317,29.48,29.61,29.32,29.38
20140318,29.42,29.48,29.25,29.28
20140319,29.31,30.11,29.27,29.91
20140320,29.81,30.11,29.67,30.09
20140321,30.37,30.43,29.19,29.26
20140324,29.32,29.38,28.97,29.14
20140325,29.27,29.38,29.11,29.26
20140326,29.41,29.45,29.16,29.21
20140327,29.21,29.4,29.08,29.3
20140328,29.46,29.51,28.91,29.01
20140331,29.07,29.14,28.66,28.94
20140401,28.97,29.39,28.97,29.35
20140402,29.28,29.7,29.14,29.62
20140403,29.71,29.71,29.39,29.62
20140404,29.64,30.01,29.21,29.32
20140407,29.25,29.32,28.85,29.0
20140408,28.9,29.22,28.68,29.15
20140409,29.22,29.22,28.77,29.06
20140410,28.99,29.22,28.8,28.86
20140411,28.76,28.87,28.28,28.4
20140414,28.48,28.78,28.26,28.48
20140415,28.57,28.57,28.14,28.55
20140416,28.55,28.7,28.4,28.53
20140417,28.51,28.71,28.46,28.6
20140418,28.6,28.6,28.6,28.6
20140421,28.72,29.06,28.53,29.03
20140422,29.52,30.02,29.19,29.89
20140423,29.75,29.89,29.3,29.39
20140424,29.3,30.02,29.25,29.89
20140425,29.81,30.29,29.62,30.16
20140428,30.52,30.67,30.04,30.4
20140429,30.43,30.53,30.2,30.53
20140430,30.36,30.46,29.96,30.26
20140501,30.31,30.53,30.18,30.31
20140502,30.32,30.75,30.3,30.64
20140505,30.42,30.63,30.11,30.53
20140506,29.85,31.39,29.56,30.89
20140507,30.1,30.74,30.0,30.65
20140508,30.55,30.81,30.41,30.48
20140509,30.45,30.57,30.05,30.54
20140512,30.58,30.86,30.55,30.81
20140513,30.8,30.86,30.6,30.73
20140514,30.64,30.81,30.48,30.64
20140515,30.53,30.64,30.35,30.46
20140516,30.43,30.61,30.32,30.6
20140519,30.6,30.63,30.28,30.46
20140520,30.51,30.59,30.27,30.28
20140521,30.38,30.5,30.24,30.42
20140522,30.35,30.55,30.26,30.33
20140523,30.34,30.58,30.3,30.53
20140526,30.53,30.53,30.53,30.53
20140527,30.7,30.77,30.54,30.7
20140528,30.73,30.73,30.43,30.48
20140530,30.79,30.93,30.67,30.7
20140602,30.8,30.96,30.65,30.92
20140603,30.89,31.26,30.79,31.25
20140604,31.18,31.45,31.13,31.37
20140605,31.41,31.65,31.22,31.61
20140606,31.62,31.8,31.61,31.74
20140609,31.78,32.01,31.65,32.01
20140610,31.94,32.51,31.91,32.5
20140611,32.5,32.53,32.1,32.13
20140612,32.08,32.13,31.82,31.99
20140613,31.96,32.14,31.83,32.12
20140616,32.08,32.21,31.99,32.13
20140617,32.06,32.85,32.06,32.81
20140618,32.72,32.89,32.46,32.89
20140619,32.97,33.05,32.53,32.55
20140620,32.4,32.58,32.05,32.46
20140623,32.54,32.73,32.43,32.64
20140624,32.67,32.7,32.35,32.37
20140625,32.41,32.57,32.29,32.37
20140626,32.35,32.43,32.08,32.24
20140627,32.21,32.41,32.16,32.38
20140630,32.45,32.73,32.12,32.27
20140701,32.46,32.61,32.31,32.51
20140702,32.5,32.76,32.5,32.74
20140703,32.76,32.92,32.65,32.91
20140704,32.91,32.91,32.91,32.91
20140707,32.88,32.89,32.56,32.56
20140708,32.4,32.51,32.17,32.48
20140709,32.47,32.64,32.29,32.46
20140710,32.22,32.69,32.02,32.52
20140711,32.44,32.56,32.3,32.37
20140714,32.56,32.85,32.4,32.73
20140715,32.63,32.71,32.26,32.39
20140716,32.43,32.7,32.35,32.63
20140718,32.15,32.74,32.07,32.69
20140721,32.61,32.88,32.6,32.85
20140722,32.96,33.23,32.83,32.87
20140723,32.85,32.94,32.78,32.84
20140724,32.9,32.97,32.76,32.89
20140725,32.77,32.9,32.68,32.82
20140728,32.77,32.97,32.67,32.86
20140729,32.8,33.22,32.7,33.03
20140730,33.15,33.25,32.92,33.14
20140731,32.91,33.13,32.87,32.91
20140801,32.77,33.04,32.59,32.74
20140804,32.72,33.35,32.58,33.24
20140805,32.68,32.88,31.98,32.21
20140806,32.03,32.37,32.01,32.3
20140807,32.37,32.48,31.67,31.79
20140808,31.8,32.34,31.8,32.32
20140811,32.46,32.65,32.38,32.6
20140812,32.48,32.69,32.35,32.45
20140813,32.71,33.04,32.69,32.87
20140814,32.93,33.1,32.87,33.07
20140815,33.23,33.7,33.13,33.69
20140818,33.75,34.01,33.7,33.93
20140819,33.95,34.57,33.89,34.52
20140820,34.52,34.85,34.45,34.79
20140821,34.77,34.98,34.69,34.89
20140822,34.82,34.94,34.73,34.89
20140825,35.0,35.03,34.81,34.9
20140826,34.98,35.21,34.84,35.13
20140827,35.18,35.48,35.07,35.34
20140828,35.17,35.38,35.07,35.33
20140829,35.33,35.44,35.0,35.44
20140901,35.44,35.44,35.44,35.44
20140902,35.44,35.59,35.32,35.48
20140903,36.63,36.65,35.53,35.76
20140904,35.77,35.89,35.39,35.51
20140905,35.61,36.05,35.45,36.04
20140908,36.0,36.31,35.95,36.28
20140909,36.25,36.3,36.01,36.18
20140910,36.31,36.34,35.88,36.24
20140911,36.15,36.29,36.09,36.27
20140912,36.21,36.24,36.09,36.18
20140915,36.25,36.32,36.13,36.27
20140916,36.28,36.55,36.2,36.49
20140917,36.54,36.68,36.34,36.65
20140918,36.74,37.08,36.62,36.7
20140919,36.84,37.31,36.84,37.2
20140922,37.22,37.3,36.5,36.62
20140923,36.31,36.49,35.85,35.88
20140924,35.99,36.63,35.95,36.58
20140925,36.57,36.59,36.12,36.3
20140926,36.36,36.75,36.19,36.63
20140929,36.3,36.81,36.17,36.79
20140930,37.05,37.11,36.77,36.95
20141001,36.87,37.01,36.23,36.45
20141002,36.58,36.97,36.46,36.91
20141003,36.87,37.72,36.87,37.67
20141006,37.81,37.97,37.6,37.66
20141007,37.4,37.56,36.62,36.71
20141008,36.8,37.57,36.63,37.55
20141009,37.49,37.63,36.9,37.02
20141010,37.02,37.3,36.64,36.68
20141013,36.67,36.67,35.53,35.57
20141014,35.87,36.16,35.46,35.87
20141015,35.36,35.39,34.16,35.26
20141016,34.74,35.52,34.18,35.07
20141017,35.38,35.6,34.95,35.37
20141020,35.37,35.69,35.31,35.41
20141021,35.57,36.18,35.54,36.09
20141022,36.06,36.34,35.88,35.89
20141023,35.8,36.45,35.47,36.11
20141024,36.2,36.6,36.1,36.58
20141027,36.6,36.78,36.49,36.57
20141028,36.66,37.02,36.51,37.01
20141029,36.84,36.94,36.31,36.62
20141030,36.63,37.4,36.55,37.32
20141031,37.74,37.91,37.05,37.16
20141103,37.08,37.82,37.02,37.72
20141104,38.01,39.12,38.01,39.12
20141105,39.29,39.41,38.76,39.27
20141106,39.35,39.72,39.27,39.71
20141107,39.65,40.3,39.62,40.23
20141110,40.3,40.34,40.03,40.16
20141111,40.16,44.13,39.92,43.72
20141112,43.9,43.96,42.57,42.64
20141113,42.66,43.29,42.61,43.24
20141114,43.19,43.45,42.86,43.14
20141117,43.86,44.43,42.98,44.23
20141118,44.88,44.94,43.03,44.19
20141119,44.33,44.38,43.21,43.4
20141120,42.91,43.25,42.71,43.15
20141121,43.55,43.87,42.85,43.87
20141124,44.09,44.93,43.83,44.58
20141125,44.58,44.72,43.87,43.91
20141126,44.27,44.7,43.87,44.67
20141127,44.67,44.67,44.67,44.67
20141128,44.75,45.09,44.75,44.93
20141201,45.13,45.24,44.26,44.37
20141202,44.37,44.95,44.28,44.74
20141204,44.79,44.9,43.85,44.0
20141205,43.97,44.46,43.83,43.98
20141208,44.2,44.39,43.87,44.1
20141209,43.19,44.49,42.74,43.82
20141210,43.85,44.2,42.7,42.77
20141211,42.97,43.5,42.76,42.88
20141212,43.0,43.09,41.74,41.77
20141215,42.18,42.49,41.34,41.74
20141216,41.65,42.01,40.83,40.85
20141217,41.08,41.43,40.83,41.13
20141218,41.84,43.15,41.79,43.15
20141219,43.03,43.73,42.63,43.51
20141222,43.57,43.78,42.95,43.41
20141223,43.6,43.73,42.76,42.97
20141224,43.06,43.99,43.0,43.84
20141225,43.84,43.84,43.84,43.84
20141226,43.8,44.29,43.8,44.2
20141229,44.02,44.23,43.85,44.01
20141230,43.98,44.1,43.09,43.35
20141231,43.52,43.88,43.0,43.03
20150101,43.03,43.03,43.03,43.03
20150102,43.46,43.7,43.07,43.31
20150105,43.25,43.63,42.97,43.05
20150106,43.15,43.36,42.3,42.63
20150107,43.0,43.56,42.98,43.51
20150108,44.75,44.87,44.0,44.18
20150109,44.06,44.44,43.68,44.25
20150112,44.34,44.34,43.29,43.42
20150113,43.89,44.22,42.57,42.81
20150114,42.5,43.23,42.29,43.03
20150115,43.27,43.77,42.9,42.94
20150116,42.8,44.29,42.77,44.22
20150119,44.22,44.22,44.22,44.22
20150120,44.17,44.2,43.22,43.56
20150121,43.57,44.63,43.44,44.25
20150122,44.35,44.82,43.65,44.51
20150123,44.54,44.8,43.97,44.12
20150126,44.04,44.31,43.85,44.09
20150127,43.6,43.9,43.21,43.3
20150128,43.73,44.29,43.07,43.11
20150129,43.01,43.67,42.56,43.32
20150130,43.18,43.56,42.64,42.73
20150202,43.03,43.38,42.37,43.38
20150203,43.51,43.81,43.2,43.5
20150204,43.86,44.04,43.22,43.46
20150205,43.55,44.08,43.12,43.4
20150206,43.44,44.24,43.28,43.66
20150209,43.5,43.66,42.66,42.87
20150210,43.13,44.01,42.81,43.91
20150211,44.96,46.12,44.88,45.77
20150212,47.24,47.4,45.26,45.79
20150213,44.74,45.5,44.36,45.46
20150216,45.46,45.46,45.46,45.46
20150217,45.55,46.24,45.45,46.2
20150218,46.11,46.43,45.82,45.85
20150219,45.83,46.0,45.49,45.65
20150220,45.55,45.89,45.11,45.6
20150223,45.71,45.93,45.21,45.58
20150224,45.65,45.79,45.28,45.4
20150225,45.55,45.97,45.39,45.72
20150226,45.83,46.69,45.8,46.62
20150227,46.54,46.88,46.04,46.09
20150302,46.55,47.61,46.55,47.31
20150303,47.28,47.34,46.34,46.54
20150304,46.4,46.49,45.86,46.23
20150305,46.69,46.83,45.99,46.46
20150306,46.3,46.53,45.67,45.78
20150309,45.87,46.96,45.48,46.29
20150310,46.13,46.28,45.68,45.7
20150311,45.88,46.58,45.73,46.01
20150312,46.31,46.87,46.14,46.84
20150313,46.86,46.86,46.02,46.45
20150316,46.71,47.03,46.55,46.98
20150317,46.62,47.34,46.41,47.15
20150318,46.98,47.76,46.67,47.51
20150319,47.46,47.74,47.1,47.41
20150320,47.49,47.92,47.1,47.34
20150323,47.55,47.7,47.04,47.15
20150324,47.24,47.61,46.76,47.02
20150325,47.17,47.38,46.22,46.27
20150326,46.02,46.39,45.69,46.11
20150327,46.14,46.53,46.0,46.22
20150330,46.47,46.96,46.42,46.92
20150331,46.76,46.93,46.29,46.29
20150401,46.3,46.56,45.96,46.27
20150402,46.29,46.66,46.2,46.5
20150403,46.5,46.5,46.5,46.5
20150406,46.15,46.67,46.01,46.33
20150407,46.4,46.86,46.33,46.36
20150408,46.37,46.61,46.12,46.21
20150409,46.3,46.74,46.16,46.55
20150410,46.6,47.29,46.3,47.17
20150413,47.25,47.43,46.64,46.66
20150414,46.66,46.99,46.02,46.9
20150415,47.05,47.22,46.91,47.0
20150416,46.8,47.17,46.64,47.14
20150417,46.9,47.03,46.46,46.77
20150420,46.94,47.13,46.71,47.04
20150421,47.28,47.58,47.1,47.54
20150422,47.45,47.52,46.93,47.03
20150423,46.94,47.1,46.57,47.05
20150424,46.89,47.99,46.73,47.91
20150427,47.98,47.99,46.74,46.83
20150428,46.72,46.82,45.64,45.73
20150429,45.5,45.94,45.1,45.22
20150430,45.08,45.45,44.31,44.42
20150504,44.75,45.56,44.71,45.4
20150505,47.13,47.44,45.13,45.68
20150506,45.9,45.94,45.19,45.29
20150507,45.33,45.75,45.03,45.56
20150508,45.99,46.09,45.57,45.9
20150511,45.91,46.34,45.67,46.09
20150512,45.72,45.86,45.34,45.58
20150513,45.62,46.0,45.42,45.62
20150514,45.87,46.32,45.48,46.28
20150515,46.52,46.91,46.43,46.49
20150518,46.45,46.77,46.32,46.73
20150519,46.88,47.69,46.74,47.45
20150520,47.47,47.81,46.99,47.28
20150521,47.33,47.89,47.05,47.8
20150522,47.71,47.84,47.5,47.63
20150525,47.63,47.63,47.63,47.63
20150526,47.54,48.05,47.51,47.95
20150527,47.9,49.48,47.67,49.45
20150528,49.4,49.55,48.4,49.11
20150529,49.45,49.96,49.13,49.77
20150601,49.92,50.37,49.37,49.78
20150602,49.56,49.97,48.9,49.58
20150603,49.64,49.9,49.34,49.55
20150604,49.3,49.59,48.85,48.9
20150605,48.7,49.17,48.41,49.01
20150608,48.75,49.22,48.74,48.8
20150609,48.67,49.37,48.52,49.24
20150610,49.41,49.9,49.0,49.69
20150611,49.8,50.04,49.6,49.87
20150612,49.63,49.86,49.01,49.08
20150615,48.84,49.35,48.71,49.27
20150616,49.3,49.73,48.9,49.71
20150617,49.75,50.37,49.71,50.17
20150618,50.29,50.6,50.16,50.5
20150619,50.36,50.62,50.2,50.24
20150622,50.6,50.7,50.07,50.22
20150623,50.46,50.85,50.24,50.47
20150624,50.25,50.3,49.71,49.71
20150625,49.84,55.38,49.57,55.38
20150626,53.93,54.0,48.26,48.62
20150629,48.51,48.69,47.04,47.07
20150630,47.67,48.61,47.21,48.22
20150701,48.75,49.04,47.83,48.43
20150702,48.6,48.66,47.89,48.31
20150703,48.31,48.31,48.31,48.31
20150706,48.04,48.4,47.77,48.4
20150707,48.54,48.78,47.1,47.88
20150708,47.35,47.43,46.46,46.48
20150709,47.11,47.37,46.56,46.57
20150710,47.0,47.18,46.82,46.96
20150713,47.1,47.44,46.84,47.04
20150714,47.04,47.56,46.28,47.46
20150715,47.5,47.63,47.01,47.11
20150716,47.39,48.22,47.39,48.0
20150717,48.0,48.3,47.72,47.8
20150720,48.1,49.03,48.02,48.98
20150721,49.64,49.75,48.93,49.12
20150722,49.05,50.06,49.02,50.02
20150723,49.96,50.39,49.51,49.85
20150724,49.9,50.3,49.33,49.49
20150727,49.39,49.57,48.77,49.48
20150728,49.52,49.57,48.17,48.85
20150729,49.1,49.16,47.87,48.4
20150730,47.96,48.72,47.96,48.55
20150731,48.82,49.45,48.74,48.98
20150803,49.16,49.49,47.99,48.48
20150804,49.11,50.0,48.28,48.85
20150805,48.95,49.12,48.52,48.61
20150806,49.56,50.25,47.97,48.28
20150807,48.12,48.47,47.44,48.31
20150810,48.5,49.09,48.28,48.39
20150811,48.07,48.54,47.84,48.21
20150812,47.9,48.08,46.88,47.86
20150813,47.82,48.38,47.6,47.66
20150814,47.65,47.65,46.94,47.47
20150817,47.3,48.71,47.26,48.69
20150818,48.59,48.78,47.69,47.73
20150819,47.45,48.18,47.22,47.91
20150820,47.36,47.68,46.28,46.38
20150821,45.85,46.32,45.01,45.02
20150824,41.44,44.97,37.73,43.53
20150826,43.55,44.33,41.99,44.25
20150827,44.71,46.15,44.11,45.86
20150828,46.01,46.13,45.06,45.78
20150831,45.74,45.91,44.77,44.87
20150901,43.95,44.89,43.78,43.98
20150902,44.52,45.16,43.9,45.12
20150903,45.32,45.62,44.32,44.53
20150904,43.97,44.73,43.53,44.01
20150907,44.01,44.01,44.01,44.01
20150908,44.72,44.94,43.82,44.89
20150909,45.18,45.26,43.85,43.95
20150910,43.93,44.93,43.8,44.34
20150911,44.6,45.13,44.12,45.0
20150914,44.87,45.0,44.19,44.47
20150915,44.7,45.13,44.48,45.06
20150916,44.79,44.85,43.7,44.51
20150917,44.75,46.63,44.75,46.01
20150918,45.31,45.7,44.9,45.12
20150921,45.28,45.57,44.11,44.5
20150922,44.01,44.52,43.74,44.23
20150923,44.2,44.66,43.99,44.32
20150924,44.13,44.2,43.01,43.59
20150925,44.11,44.14,41.88,42.51
20150928,42.27,42.3,39.38,39.96
20150929,40.3,40.77,38.98,39.65
20150930,40.63,41.22,40.35,41.18
20151001,41.07,41.34,40.37,41.29
20151002,40.63,43.04,40.49,43.02
20151005,43.15,43.39,42.35,42.85
20151006,42.78,43.1,41.19,41.39
20151007,41.59,42.71,41.23,42.67
20151008,42.56,43.4,41.98,43.22
20151009,43.11,43.31,42.77,42.8
20151012,42.88,43.07,42.43,42.71
20151013,42.54,43.12,42.19,42.32
20151014,42.34,42.96,42.13,42.38
20151015,41.69,43.12,41.58,43.0
20151016,43.25,44.14,43.19,43.93
20151019,43.81,44.01,43.23,43.78
20151020,43.66,43.78,42.83,43.09
20151021,43.38,43.56,39.53,41.66
20151022,41.69,41.9,39.98,40.8
20151023,41.16,43.18,41.05,42.54
20151026,42.44,42.96,41.99,42.35
20151027,42.51,43.36,42.29,42.74
20151028,42.69,43.79,42.31,43.34
20151029,43.31,43.91,43.24,43.55
20151030,43.38,43.69,42.89,43.01
20151102,43.54,44.52,43.16,44.24
20151103,46.47,46.9,45.4,46.63
20151104,46.65,47.14,46.23,46.55
20151105,46.56,46.78,44.92,45.46
20151106,45.4,46.28,44.83,45.97
20151109,45.78,46.04,44.96,45.8
20151110,45.85,46.04,45.26,45.88
20151111,45.92,45.92,45.06,45.08
20151112,45.01,45.19,44.46,44.53
20151113,44.37,45.08,44.2,44.85
20151116,45.0,45.42,44.73,45.3
20151117,45.03,46.11,44.73,45.77
20151118,45.81,47.2,45.36,47.18
20151119,47.05,47.21,46.57,46.9
20151120,47.0,47.57,46.86,47.32
20151123,47.23,47.43,46.61,46.96
20151124,46.56,46.99,46.3,46.93
20151125,46.8,47.23,46.66,46.97
20151126,46.97,46.97,46.97,46.97
20151127,47.14,47.23,46.91,47.08
20151130,47.08,47.25,46.46,46.7
20151201,46.81,47.13,46.21,47.01
20151202,47.07,47.18,46.07,46.37
20151203,46.48,46.54,44.94,45.2
20151204,45.36,46.49,45.17,46.46
20151207,46.47,46.83,45.35,45.91
20151208,45.45,46.2,45.4,45.94
20151209,45.61,46.18,44.97,45.21
20151210,45.16,46.49,45.15,46.1
20151211,45.39,46.0,45.33,45.83
20151214,45.85,46.64,45.55,46.59
20151215,47.05,47.65,46.87,46.97
20151216,47.42,47.55,46.16,47.09
20151217,47.27,47.57,46.49,46.73
20151218,46.6,47.62,46.49,46.6
20151221,46.83,47.37,46.56,47.34
20151222,47.5,48.46,47.39,47.72
20151223,47.84,48.1,47.61,47.98
20151224,47.86,48.45,47.63,48.13
20151225,48.13,48.13,48.13,48.13
20151228,47.96,48.2,47.59,47.9
20151229,48.37,48.62,47.96,48.33
20151230,48.33,48.65,48.01,48.26
20151231,47.93,48.4,47.81,47.92
20160101,47.92,47.92,47.92,47.92
20160104,46.94,47.72,46.75,47.27
20160105,47.51,48.1,47.28,48.01
20160106,47.27,48.35,47.26,48.02
20160107,46.99,48.0,46.29,46.56
20160108,46.94,47.57,45.65,45.88
20160111,46.1,46.34,43.83,44.58
20160112,43.87,45.05,43.25,44.97
20160113,45.25,45.33,43.03,43.25
20160114,43.34,44.4,42.66,44.13
20160115,43.0,43.85,42.77,43.38
20160118,43.38,43.38,43.38,43.38
20160119,44.11,44.72,42.73,43.19
20160120,42.57,44.28,42.41,43.79
20160121,43.79,43.92,42.98,43.08
20160122,43.59,43.82,43.1,43.4
20160125,43.25,43.77,43.06,43.2
20160126,43.3,44.06,43.15,43.87
20160127,43.67,44.36,42.79,43.15
20160128,43.4,43.58,42.71,42.84
20160129,43.2,43.36,42.61,43.05
20160201,43.0,43.39,42.51,42.96
20160202,42.43,42.53,41.37,41.72
20160203,41.84,42.0,40.45,41.31
20160204,41.15,41.95,40.93,41.54
20160205,41.32,41.51,40.61,40.91
20160208,40.4,40.71,39.59,40.19
20160209,39.58,40.96,39.39,39.86
20160210,40.17,40.48,39.25,39.33
20160211,38.98,39.53,38.26,39.36
20160212,39.81,40.48,39.21,40.43
20160215,40.43,40.43,40.43,40.43
20160216,41.66,41.86,39.73,40.43
20160217,40.78,42.0,40.47,41.8
20160218,41.56,42.37,41.53,42.02
20160219,42.07,42.23,41.4,41.83
20160222,42.12,42.83,41.79,42.77
20160223,42.58,43.2,42.29,42.37
20160224,41.94,42.42,41.25,42.37
20160225,42.37,42.92,41.79,42.9
20160226,42.99,43.34,42.22,42.36
20160229,42.1,42.17,41.05,41.06
20160301,41.49,42.14,40.88,42.1
20160302,41.91,42.18,41.51,41.72
20160303,41.72,41.85,40.7,41.08
20160304,41.08,41.32,40.62,40.8
20160307,40.6,41.43,40.46,41.2
20160308,40.84,41.14,40.16,40.23
20160309,40.55,40.6,39.84,40.46
20160310,39.92,40.61,39.35,39.91
20160311,40.2,41.91,40.02,41.87
20160314,41.63,41.71,41.07,41.31
20160315,41.06,41.09,39.97,40.72
20160316,40.86,40.86,40.1,40.46
20160317,40.49,40.67,39.52,39.72
20160318,39.92,41.04,39.8,40.86
20160321,40.91,42.03,40.88,41.62
20160322,41.59,42.89,41.59,42.75
20160323,42.8,42.84,42.15,42.64
20160324,42.27,43.06,42.13,42.48
20160325,42.48,42.48,42.48,42.48
20160328,42.49,42.64,41.97,42.18
20160329,42.0,43.14,41.86,43.12
20160330,43.24,44.38,43.23,44.02
20160331,43.4,44.55,43.25,44.33
20160401,44.02,45.06,43.97,44.99
20160404,45.1,46.04,45.03,45.76
20160405,45.26,45.98,45.01,45.85
20160406,45.8,47.6,45.7,47.27
20160407,46.96,47.24,46.83,47.19
20160408,47.36,47.46,46.54,46.94
20160411,47.0,47.04,46.48,46.67
20160412,46.84,47.11,46.6,47.01
20160413,47.15,47.5,46.95,47.5
20160414,47.27,47.96,47.12,47.67
20160415,47.75,48.14,47.57,48.11
20160418,47.98,48.78,47.77,48.57
20160419,48.69,49.1,48.36,48.56
20160420,48.56,48.72,47.89,48.47
20160421,48.42,48.83,48.04,48.44
20160422,48.54,48.95,48.18,48.64
20160425,48.34,48.36,47.21,47.32
20160426,47.4,47.76,46.95,47.61
20160427,47.61,47.81,47.34,47.46
20160428,47.23,47.64,46.97,47.19
20160429,47.16,47.31,46.62,47.03
20160502,47.2,48.1,46.87,48.03
20160503,47.89,48.37,47.62,48.15
20160504,47.91,48.04,46.05,47.05
20160505,47.32,48.28,47.03,48.24
20160506,47.31,47.73,46.86,47.34
20160509,47.38,48.03,47.12,47.5
20160510,46.29,46.64,46.14,46.56
20160511,46.5,46.85,45.99,46.0
20160512,45.85,46.42,45.56,46.25
20160513,46.35,46.6,46.03,46.39
20160516,46.14,46.94,46.08,46.77
20160517,46.71,46.92,46.23,46.5
20160518,46.35,47.22,46.31,46.96
20160519,46.79,46.93,45.92,46.43
20160520,46.7,47.1,46.52,47.06
20160523,47.0,47.04,46.4,46.4
20160524,46.81,47.36,46.74,47.29
20160525,47.39,47.56,46.88,47.0
20160526,46.89,47.46,46.77,47.33
20160527,47.54,47.68,47.09,47.18
20160530,47.18,47.18,47.18,47.18
20160531,47.42,47.71,47.11,47.42
20160601,47.49,48.0,47.23,47.85
20160602,47.89,48.18,47.66,48.13
20160603,48.09,48.11,47.43,47.93
20160606,47.93,48.42,47.83,48.41
20160607,48.08,48.52,47.89,48.35
20160608,48.37,48.58,48.21,48.45
20160609,48.36,48.68,47.92,48.14
20160610,47.34,47.6,46.95,47.39
20160613,47.17,47.32,46.15,46.19
20160614,46.03,47.23,45.97,47.19
20160615,47.19,47.71,47.13,47.22
20160616,47.0,47.36,46.56,47.26
20160617,47.21,47.26,46.44,46.44
20160620,47.01,47.31,46.83,46.91
20160621,47.13,47.36,46.68,47.29
20160622,47.16,47.79,46.84,47.33
20160623,47.6,47.9,47.44,47.9
20160624,46.37,47.36,46.18,46.51
20160627,46.3,46.59,45.28,45.42
20160628,45.9,46.42,45.67,46.42
20160629,46.88,47.38,46.68,47.24
20160630,47.19,47.53,46.97,47.46
20160701,47.5,47.98,47.35,47.45
20160704,47.45,47.45,47.45,47.45
20160705,47.18,47.63,46.84,47.5
20160706,47.21,48.14,47.01,48.09
20160707,48.1,48.17,47.46,47.69
20160708,47.84,48.61,47.79,48.5
20160711,48.58,48.68,48.28,48.29
20160712,48.53,48.92,48.22,48.87
20160713,49.07,49.28,48.94,49.19
20160714,49.62,50.06,49.37,49.98
20160715,50.08,50.27,49.52,49.68
20160718,49.69,50.21,49.58,49.72
20160719,49.5,49.74,49.0,49.37
20160720,49.52,50.34,49.46,50.25
20160721,50.21,50.39,50.01,50.14
20160722,50.17,50.36,49.87,50.26
20160725,50.19,50.24,49.72,49.99
20160726,50.0,50.05,49.69,49.92
20160727,49.92,50.06,49.63,49.85
20160728,49.85,50.17,49.57,50.06
20160729,49.99,50.58,49.97,50.47
20160801,50.47,50.74,50.37,50.4
20160802,50.22,50.25,49.29,49.72
20160803,52.15,52.18,50.72,51.21
20160804,51.53,51.99,51.19,51.41
20160805,51.74,51.74,51.02,51.09
20160808,51.02,51.06,50.47,50.8
20160809,50.83,50.98,50.64,50.93
20160810,50.77,52.0,50.61,51.81
20160811,51.89,52.16,51.64,52.07
20160812,51.93,52.1,51.7,51.98
20160815,52.16,52.48,52.08,52.38
20160816,52.16,52.46,51.94,52.09
20160817,52.3,52.37,51.69,52.3
20160818,52.4,52.64,52.09,52.29
20160819,52.06,52.61,52.06,52.54
20160822,52.0,52.27,51.11,51.23
20160823,51.39,51.64,51.23,51.25
20160824,51.26,51.42,50.56,50.63
20160825,50.62,51.03,50.36,50.47
20160826,50.66,51.16,50.47,50.76
20160829,50.76,50.96,50.42,50.76
20160830,50.68,50.9,50.37,50.75
20160831,50.74,51.18,50.48,51.1
20160901,51.15,51.15,50.62,51.11
20160902,51.34,51.4,51.07,51.26
20160905,51.26,51.26,51.26,51.26
20160906,51.41,51.71,51.16,51.29
20160907,51.44,52.05,51.39,52.04
20160908,52.03,52.1,51.3,51.41
20160909,51.23,51.23,50.38,50.39
20160912,50.19,51.34,50.07,51.15
20160913,50.73,50.92,50.19,50.32
20160914,50.42,50.83,50.35,50.55
20160915,50.71,50.93,50.2,50.72
20160916,50.87,50.87,50.3,50.51
20160919,50.65,50.84,50.27,50.32
20160920,50.65,50.75,50.51,50.6
20160921,50.6,51.12,50.42,51.06
20160922,51.2,51.82,51.15,51.63
20160923,51.63,51.77,51.33,51.51
20160926,51.4,51.4,51.06,51.21
20160927,51.2,51.88,50.89,51.87
20160928,51.98,52.17,51.22,51.75
20160929,51.74,51.91,50.93,51.02
20160930,51.14,52.12,50.95,52.01
20161003,51.76,52.43,51.63,52.36
20161004,52.43,52.61,51.78,52.31
20161005,52.31,52.42,51.95,52.18
20161006,51.94,52.02,51.4,51.65
20161007,52.08,52.21,51.55,51.85
20161010,52.0,53.14,52.0,52.69
20161011,52.31,52.35,50.23,50.96
20161012,51.03,51.57,50.79,51.42
20161013,51.13,51.2,50.64,51.02
20161014,51.16,51.16,50.18,50.18
20161017,50.15,50.29,49.87,50.03
20161018,50.57,51.13,50.51,51.06
20161019,51.39,51.39,50.82,51.11
20161020,51.08,51.41,50.96,51.3
20161021,50.98,51.17,50.7,50.94
20161024,51.06,51.19,50.81,51.03
20161025,50.46,50.46,49.64,49.99
20161026,49.56,49.64,48.73,48.77
20161027,49.12,49.25,48.66,48.77
20161028,48.49,48.72,47.9,48.56
20161031,48.69,48.78,47.76,47.8
20161101,47.61,47.9,46.86,47.25
20161102,50.91,50.98,48.83,50.11
20161103,50.17,50.22,48.71,48.95
20161104,49.06,50.22,48.97,49.94
20161107,50.62,50.84,49.82,49.98
20161108,49.72,50.96,49.35,50.33
20161109,51.89,52.19,50.32,51.0
20161110,51.65,51.84,50.48,51.09
20161111,50.84,50.96,50.13,50.61
20161114,50.85,51.0,48.9,48.96
20161115,48.71,49.19,48.24,49.15
20161116,49.26,49.64,48.77,48.84
20161117,49.08,49.56,48.8,49.21
20161118,49.25,50.11,49.23,49.89
20161121,49.95,50.15,49.75,50.0
20161122,49.85,50.0,49.07,49.63
20161123,49.38,50.18,48.87,50.18
20161124,50.18,50.18,50.18,50.18
20161125,50.35,50.49,50.06,50.18
20161128,50.0,50.39,49.79,50.15
20161129,50.03,50.58,50.03,50.45
20161130,50.61,50.82,50.27,50.38
20161201,50.41,50.55,48.62,49.16
20161202,49.32,49.36,48.55,49.1
20161205,48.95,49.84,48.95,49.82
20161206,49.68,50.23,49.55,50.22
20161207,51.2,51.37,49.79,51.26
20161208,50.88,51.7,50.66,51.68
20161209,51.86,52.48,51.6,51.89
20161212,51.82,51.93,50.77,50.92
20161213,51.26,51.43,50.81,51.05
20161214,51.03,51.47,50.57,50.84
20161215,52.17,52.77,51.66,52.32
20161216,52.46,52.75,52.23,52.46
20161219,52.46,53.06,52.26,52.39
20161220,53.22,53.48,52.83,53.1
20161221,53.33,53.41,52.73,53.12
20161222,52.67,53.37,52.67,53.26
20161223,53.2,53.78,53.18,53.78
20161226,53.78,53.78,53.78,53.78
20161227,53.78,54.15,53.65,53.72
20161228,53.76,53.85,53.35,53.44
20161229,53.47,53.78,53.4,53.62
20161230,53.64,53.74,53.27,53.53
20170102,53.53,53.53,53.53,53.53
20170103,53.88,54.38,53.33,53.59
20170104,53.72,54.18,53.1,54.11
20170105,54.14,54.17,53.6,53.93
20170106,53.85,54.72,53.73,54.1
20170109,54.09,54.35,53.39,53.95
20170110,54.03,54.29,53.69,53.93
20170111,53.84,54.1,52.71,53.31
20170112,53.09,53.58,53.03,53.39
20170113,53.55,53.88,53.35,53.74
20170116,53.74,53.74,53.74,53.74
20170117,53.5,53.68,52.93,53.22
20170118,53.39,54.01,53.04,53.3
20170119,53.3,53.62,53.12,53.5
20170120,53.63,54.39,53.6,53.97
20170123,53.65,53.99,53.59,53.75
20170124,53.75,53.99,53.46,53.78
20170125,54.1,54.29,53.73,54.0
20170126,53.63,54.44,53.59,53.84
20170127,54.09,54.72,53.97,54.65
20170130,54.39,54.51,53.87,54.27
20170131,54.01,54.97,53.8,54.94
20170201,54.93,55.35,54.62,55.32
20170202,55.01,55.72,54.72,55.7
20170203,55.85,56.07,55.53,55.92
20170206,55.66,55.85,55.42,55.77
20170207,56.11,56.32,55.69,55.98
20170208,55.97,56.32,55.73,55.96
20170209,55.97,56.5,55.91,55.96
20170210,56.0,56.09,55.55,55.73
20170213,54.5,55.49,54.45,55.14
20170214,55.14,55.26,54.79,55.02
20170215,54.79,55.31,54.2,55.15
20170216,54.69,54.88,52.0,52.78
20170217,53.01,53.52,52.32,52.51
20170220,52.51,52.51,52.51,52.51
20170221,52.49,53.66,52.34,53.47
20170222,52.86,53.54,52.73,53.38
20170223,53.5,53.79,53.26,53.58
20170224,53.53,53.91,53.2,53.88
20170227,53.85,54.18,53.55,53.83
20170228,53.46,53.97,53.24,53.31
20170301,53.73,54.08,53.55,53.89
20170302,54.0,54.08,53.31,53.37
20170303,53.34,53.72,53.25,53.42
20170306,53.01,53.33,52.88,53.08
20170307,52.86,53.38,52.64,53.07
20170308,53.02,53.41,52.79,53.0
20170309,53.05,53.72,52.91,53.69
20170310,53.7,53.76,53.19,53.34
20170313,53.33,53.63,53.24,53.56
20170314,53.33,53.55,53.06,53.42
20170315,53.39,54.39,53.39,54.28
20170316,54.48,54.48,54.1,54.43
20170317,54.62,54.82,53.85,54.0
20170320,54.04,54.45,53.83,54.28
20170321,54.47,54.79,53.24,53.39
20170322,53.4,53.94,53.24,53.87
20170323,53.89,54.19,53.6,53.8
20170324,53.85,54.21,53.59,53.85
20170327,53.53,54.17,53.4,53.97
20170328,53.81,54.31,53.69,54.16
20170329,54.04,54.27,53.72,53.82
20170330,53.82,53.82,53.25,53.47
20170331,52.98,53.65,52.98,53.37
20170403,53.35,53.45,52.82,53.17
20170404,53.07,53.17,52.37,52.65
20170405,52.74,53.33,52.62,52.67
20170406,52.68,52.76,52.25,52.67
20170407,52.58,52.76,52.37,52.54
20170410,52.6,53.06,52.47,52.74
20170411,52.57,52.86,52.36,52.85
20170412,52.57,53.23,52.53,53.22
20170413,53.11,53.36,52.96,53.1
20170414,53.1,53.1,53.1,53.1
20170417,53.09,53.57,53.0,53.5
20170418,53.2,53.64,53.05,53.55
20170419,53.72,54.19,53.64,53.85
20170420,53.99,54.46,53.65,54.29
20170421,54.23,54.38,54.0,54.19
20170424,54.68,55.15,54.59,54.99
20170425,55.12,55.16,54.7,55.12
20170426,55.15,55.68,55.08,55.57
20170427,55.66,56.65,55.52,56.46
20170428,56.55,56.62,56.08,56.11
20170501,56.14,56.56,56.03,56.28
20170502,56.29,56.53,55.89,56.47
20170503,56.09,56.4,55.5,55.59
20170504,55.48,59.6,55.48,58.87
20170505,58.76,59.61,58.48,59.47
20170508,59.39,59.74,58.3,58.81
20170509,58.8,59.69,58.55,59.43
20170510,58.99,60.125,58.99,59.9
20170511,59.68,59.89,59.25,59.72
20170512,60.03,60.19,59.57,59.88
20170515,59.71,60.07,59.56,60.0
20170516,60.24,60.38,59.9,60.33
20170517,59.96,60.19,59.69,59.73
20170518,59.73,60.29,59.61,59.91
20170519,59.98,60.61,59.94,60.31
20170522,60.39,60.88,60.28,60.31
20170523,60.5,61.46,60.5,61.43
20170524,61.43,62.485,61.39,62.3
20170525,62.56,62.64,62.17,62.58
20170526,62.78,63.11,62.385,62.61
20170529,62.61,62.61,62.61,62.61
20170530,62.45,62.7,61.86,62.26
20170531,62.58,62.7,62.1,62.28
20170601,62.45,62.64,61.99,62.64
20170602,62.78,63.3,62.39,62.5
20170605,62.42,62.78,62.15,62.67
20170606,62.5,63.08,62.49,62.98
20170607,62.93,63.42,62.85,63.26
20170608,63.41,63.49,62.46,62.58
20170609,62.49,63.1,62.37,62.59
20170612,62.61,62.71,61.26,61.85
20170613,61.72,62.3,60.92,61.96
20170614,62.01,62.6,61.71,62.23
20170615,61.83,62.54,61.73,62.39
20170616,62.73,63.0,62.265,62.55
20170619,62.88,63.29,62.79,63.03
20170620,63.38,63.845,62.85,63.0
20170621,63.13,63.48,62.84,63.0
20170622,63.0,63.84,62.81,63.51
20170623,63.5,63.52,62.48,62.78
20170626,62.87,62.92,62.24,62.72
20170627,62.72,63.2,62.62,62.76
20170628,63.0,63.46,62.61,62.95
20170629,63.07,63.28,62.05,62.5
20170630,62.46,62.93,62.37,62.38
20170703,62.4,62.84,62.27,62.67
20170704,62.67,62.67,62.67,62.67
20170705,62.71,62.88,62.335,62.55
20170706,62.35,62.5,61.66,61.79
20170707,62.3,62.81,62.12,62.59
20170710,62.5,62.71,62.28,62.47
20170711,62.41,62.5,61.96,62.21
20170712,62.45,62.94,62.41,62.56
20170713,62.56,63.085,62.49,63.05
20170714,63.15,63.53,62.9,63.35
20170717,63.45,63.51,63.03,63.07
20170718,63.0,63.0,62.26,62.46
20170719,62.71,62.79,62.29,62.42
20170720,62.56,62.94,62.52,62.75
20170721,62.75,63.42,62.39,63.16
20170724,63.2,63.46,63.05,63.29
20170725,62.98,63.03,61.12,61.28
20170726,60.88,62.2,60.8,62.06
20170727,62.06,62.2,61.7,62.01
20170728,62.15,62.65,62.06,62.21
20170731,62.45,62.83,62.32,62.52
20170801,62.6,62.69,61.92,62.27
20170802,62.04,62.21,61.375,61.54
20170803,61.23,62.47,61.2,62.28
20170804,62.37,62.85,61.86,62.12
20170807,62.12,62.34,61.25,61.83
20170808,60.49,61.0,59.5,60.0
20170809,59.95,60.87,59.76,60.81
20170810,60.87,61.37,59.71,59.74
20170811,60.05,60.22,59.64,59.73
20170814,60.19,60.83,60.04,60.74
20170815,60.86,61.68,60.56,61.03
20170816,61.27,61.54,61.08,61.5
20170817,61.42,61.97,60.88,60.9
20170818,60.71,61.08,60.44,60.75
20170821,60.82,61.47,60.65,61.35
20170822,61.26,61.81,61.1,61.6
20170823,61.44,61.6,61.23,61.36
20170824,61.61,61.61,61.15,61.39
20170825,61.73,61.97,61.24,61.33
20170828,61.53,61.84,61.38,61.54
20170829,61.32,61.67,61.08,61.5
20170830,61.52,62.185,61.5,61.94
20170831,61.976000000000006,62.815,61.88,62.7
20170901,62.75,62.97,62.43,62.87
20170904,62.87,62.87,62.87,62.87
20170905,62.7,63.25,62.64,63.17
20170906,63.55,63.6,63.06,63.39
20170907,63.58,65.12,63.23,64.85
20170908,64.85,65.085,64.62,64.7
20170911,65.33,65.39,64.52,65.28
20170912,65.25,65.5,65.18,65.4
20170913,65.32,65.83,65.22,65.28
20170914,65.1,65.27,64.77,65.25
20170915,65.41,65.64,64.87,65.2
20170918,65.31,65.415,64.64,65.2
20170919,65.38,65.41,64.53,64.78
20170920,64.72,65.08,64.01,64.48
20170921,64.5,64.86,64.2,64.24
20170922,64.3,64.55,63.94,64.16
20170925,64.18,64.28,63.51,63.67
20170926,63.71,64.14,63.29,63.33
20170927,63.39,63.68,63.02,63.21
20170928,63.37,63.73,62.79,63.32
20170929,63.36,63.78,62.89,63.76
20171002,63.84,64.39,63.69,63.75
20171003,63.75,64.1,63.4,63.59
20171004,63.68,64.01,63.48,63.57
20171005,63.42,63.99,63.28,63.75
20171006,63.75,63.96,63.58,63.75
20171009,63.81,63.87,63.51,63.73
20171010,63.75,64.03,63.44,63.99
20171011,63.9,64.28,63.79,64.28
20171012,64.24,64.935,64.195,64.91
20171013,64.93,65.525,64.72,65.44
20171016,65.59,65.8,65.36,65.71
20171017,65.65,66.11,65.43,65.81
20171018,65.82,65.91,65.25,65.56
20171019,65.55,65.69,65.16,65.58
20171020,65.48,65.99,65.24,65.94
20171023,65.94,66.345,65.274,65.28
20171024,65.33,65.73,64.84,64.98
20171025,64.84,64.99,64.28,64.38
20171026,64.59,64.59,63.59,63.74
20171027,63.76,64.37,63.52,64.05
20171030,64.05,64.05,63.03,63.24
20171031,63.41,64.14,63.25,63.82
20171101,64.2,65.085,64.02,64.51
20171102,64.3,67.845,64.3,67.31
20171103,67.77,68.8,67.44,68.69
20171106,68.92,70.48,68.85,69.71
20171107,69.73,70.26,68.145,68.45
20171108,68.0,69.62,67.76,69.51
20171109,69.2,69.5,68.96,69.3
20171110,68.95,69.24,68.58,69.13
20171113,68.88,69.3,68.56,68.88
20171114,68.78,69.95,68.57,69.9
20171115,69.66,70.33,69.35,69.62
20171116,69.97,70.49,69.71,70.41
20171117,70.24,71.12,70.24,70.79
20171120,70.8,71.14,70.49,70.95
20171121,71.03,72.14,70.97,71.36
20171122,71.33,71.83,70.95,71.07
20171123,71.07,71.07,71.07,71.07
20171124,71.17,71.42,70.93,71.29
20171127,71.49,71.8,71.22,71.54
20171128,71.59,71.63,71.26,71.39
20171129,71.99,72.1,71.28,71.61
20171130,71.84,72.71,71.84,72.29
20171201,72.22,72.35,71.275,72.3
20171204,72.44,72.79,70.995,71.02
20171205,71.0,71.77,70.6,70.85
20171206,70.84,71.11,70.48,70.97
20171207,70.97,71.84,70.76,71.64
20171208,71.89,71.98,71.295,71.88
20171211,71.84,71.97,71.52,71.77
20171212,71.77,72.66,71.64,72.23
20171213,72.14,72.99,72.055,72.38
20171214,72.25,72.46,71.57,71.76
20171215,72.19,72.27,71.52,71.96
20171218,71.96,72.92,71.91,72.63
20171219,72.82,73.58,72.73,72.8
20171220,72.68,73.16,72.17,72.71
20171221,73.0,73.31,72.27,72.28
20171222,72.27,72.37,71.79,71.99
20171225,71.99,71.99,71.99,71.99
20171226,72.4,72.55,71.9,72.34
20171227,72.59,72.69,72.25,72.45
20171228,72.49,72.6,72.14,72.39
20171229,72.55,72.76,72.04,72.04
20180101,72.04,72.04,72.04,72.04
20180102,72.54,72.59,71.465,71.77
20180103,71.77,72.18,71.34,72.1
20180104,72.75,72.91,72.26,72.53
20180105,72.83,73.92,72.57,73.36
20180108,73.43,74.42,73.16,74.24
20180109,74.7,75.475,74.465,75.11
20180110,74.58,74.8,73.28,73.91
20180111,74.05,74.68,73.72,74.59
20180112,74.91,75.69,74.77,75.39
20180115,75.39,75.39,75.39,75.39
20180116,76.06,76.4,75.21,75.54
20180117,75.81,77.03,75.39,76.77
20180118,76.65,76.65,75.85,76.33
20180119,76.69,76.91,76.22,76.62
20180122,76.67,77.58,76.62,77.48
20180123,77.3,78.32,76.97,77.59
20180124,78.16,78.51,77.6,78.33
20180125,78.47,79.38,78.345,79.25
20180126,79.49,80.13,79.38,80.09
20180129,79.81,79.95,79.11,79.18
20180130,78.44,78.69,77.91,78.35
20180131,78.49,78.77,76.54,76.73
20180201,76.84,78.27,76.69,77.82
20180202,77.53,78.12,76.73,76.78
20180205,76.64,76.92,73.18,73.83
20180206,72.74,74.56,72.13,73.27
20180207,72.7,75.0,72.69,73.86
20180208,73.96,74.56,71.5,71.51
20180209,72.23,72.88,70.2,72.35
20180212,72.94,74.04,72.6,73.19
20180213,73.11,73.79,72.96,73.24
20180214,72.79,74.57,72.78,74.46
20180215,79.26,81.4,75.75,78.5
20180216,78.15,80.08,78.15,79.73
20180219,79.73,79.73,79.73,79.73
20180220,79.21,81.47,79.07,80.35
20180221,80.37,81.78,80.31,80.5
20180222,81.03,81.68,80.51,80.76
20180223,81.17,82.93,81.0,82.79
20180226,83.46,83.46,82.79,83.3
20180227,83.01,83.37,81.61,81.67
20180228,81.88,82.48,80.84,80.86
20180301,80.86,81.57,79.83,80.44
20180302,79.93,81.5,79.86,81.28
20180305,81.01,82.57,80.7,81.89
20180306,82.0,82.14,80.93,81.51
20180307,80.98,81.96,80.97,81.76
20180308,82.0,82.85,81.93,82.54
20180309,83.06,85.05,82.98,84.52
20180312,84.89,84.95,84.09,84.41
20180313,84.9,85.54,84.33,84.59
20180314,85.13,85.48,84.09,84.35
20180315,84.32,85.35,83.96,84.69
20180316,85.02,85.42,84.58,84.6
20180319,83.82,84.32,82.36,83.15
20180320,83.32,84.79,83.28,84.66
20180321,84.87,85.73,84.07,84.1
20180322,83.35,84.13,81.8,82.06
20180323,82.16,82.8,80.32,80.6
20180326,81.88,83.87,81.53,83.73
20180327,84.08,84.45,81.21,81.86
20180328,82.09,82.55,80.28,81.0
20180329,81.49,83.51,81.09,83.51
20180330,83.51,83.51,83.51,83.51
20180402,83.17,83.29,80.68,81.21
20180403,81.78,83.18,81.39,82.87
20180404,81.58,83.06,80.73,82.85
20180405,83.29,84.33,82.85,83.52
20180406,82.75,83.12,80.06,80.97
20180409,81.81,82.99,81.56,81.87
20180410,82.95,83.47,82.28,83.09
20180411,82.57,83.51,82.56,83.07
20180412,83.57,84.38,83.4,83.96
20180413,84.25,84.43,83.22,83.57
20180416,84.49,84.85,83.855,84.4
20180417,84.98,85.94,84.82,85.67
20180418,85.7,86.38,85.2,85.97
20180419,85.42,85.89,84.82,85.41
20180420,85.39,85.93,85.14,85.45
20180423,85.59,85.76,85.01,85.3
20180424,85.83,85.9,83.48,84.35
20180425,84.12,84.57,83.44,84.57
20180426,85.08,85.26,84.36,84.73
20180427,84.78,85.205,84.39,84.84
20180430,84.89,85.0,83.37,83.48
20180501,83.46,84.04,82.89,83.4
20180502,77.67,80.45,77.0,79.9
20180503,79.78,80.89,78.44,80.38
20180504,80.02,81.83,79.62,81.56
20180507,81.74,82.46,81.22,82.15
20180508,81.84,82.49,81.11,82.0
20180509,82.1,82.56,81.18,82.33
20180510,83.32,84.37,82.83,83.46
20180511,83.62,84.465,83.58,84.45
20180514,84.54,85.17,83.37,84.06
20180515,83.53,83.72,82.78,83.02
20180516,82.55,83.17,82.0,82.85
20180517,83.0,83.1,82.08,82.95
20180518,82.71,84.66,82.71,84.4
20180521,84.88,85.44,84.4,85.38
20180522,85.39,85.64,84.21,84.38
20180523,84.3,85.0,83.74,84.88
20180524,85.1,85.56,84.17,84.75
20180525,84.87,85.05,83.55,83.67
20180528,83.67,83.67,83.67,83.67
20180529,82.98,83.42,82.4,83.15
20180530,83.79,85.29,83.79,84.45
20180531,84.27,84.65,83.61,83.7
20180601,84.32,85.43,84.32,85.42
20180604,85.65,85.77,84.97,85.39
20180605,85.53,85.76,84.455,84.76
20180606,84.86,85.6,84.55,85.47
20180607,85.79,85.98,85.035,85.66
20180608,85.69,87.39,85.45,86.78
20180611,86.96,88.16,86.73,87.06
20180612,87.03,87.54,86.61,87.15
20180613,87.44,87.95,87.18,87.36
20180614,87.44,88.25,87.26,88.15
20180615,87.5,89.25,87.5,89.2
20180618,88.5,89.18,88.34,88.93
20180619,88.05,88.425,86.63,87.25
20180620,87.28,87.57,86.6,87.0
20180621,86.79,87.795,86.7,87.02
20180622,87.39,87.56,85.82,85.82
20180625,86.0,86.35,83.92,84.7
20180626,84.81,85.19,83.97,84.01
20180627,84.33,85.25,83.36,83.36
20180628,83.36,85.28,83.34,84.83
20180629,85.48,86.41,85.14,85.19
20180702,84.78,85.67,84.2,85.65
20180703,85.83,86.96,85.52,86.07
20180704,86.07,86.07,86.07,86.07
20180705,86.72,86.79,85.64,86.15
20180706,86.57,87.1,86.1,86.86
20180709,86.9,87.71,86.62,87.49
20180710,87.02,87.34,86.09,86.22
20180711,86.06,86.16,84.49,84.5
20180712,84.89,85.71,84.58,85.47
20180713,85.49,86.29,85.32,86.14
20180716,86.31,86.31,84.5,84.58
20180717,84.33,86.07,84.33,85.77
20180718,85.64,86.075,85.31,85.95
20180719,85.38,85.62,84.775,85.42
20180720,85.2,85.91,85.02,85.29
20180723,85.14,85.16,83.8,83.96
20180724,84.52,84.99,83.31,83.5
20180725,83.25,85.78,83.25,85.64
20180726,85.79,86.15,85.145,85.54
20180727,85.63,85.65,84.4,85.2
20180730,85.23,85.4,84.21,84.49
20180731,84.82,86.75,84.82,86.48
20180801,86.05,87.17,85.97,86.02
20180802,85.78,91.8,85.0,91.43
20180803,91.43,91.99,89.26,91.63
20180806,91.93,92.85,91.21,92.58
20180807,92.94,93.03,91.965,92.49
20180808,92.5,93.57,92.25,93.23
20180809,93.37,93.67,92.03,92.4
20180810,92.18,92.71,91.48,91.7
20180813,91.71,92.45,91.16,91.26
20180814,91.635,91.895,91.11,91.37
20180815,91.07,91.28,90.41,90.85
20180816,91.31,92.09,90.875,91.54
20180817,91.44,91.79,90.67,91.47
20180820,91.6,92.59,91.6,92.16
20180821,92.54,92.97,91.87,92.09
20180822,89.56,90.41,89.15,89.67
20180823,89.8,90.2,89.245,89.67
20180824,89.82,90.2,89.31,89.6
20180827,89.92,90.03,89.29,89.38
20180828,89.51,89.58,88.66,89.55
20180829,89.51,90.1,89.03,89.83
20180830,89.77,90.51,89.31,89.81
20180831,89.76,90.77,89.68,90.6
20180903,90.6,90.6,90.6,90.6
20180904,90.81,91.21,89.69,89.97
20180905,89.77,89.77,88.85,89.06
20180906,89.31,89.97,88.955,89.74
20180907,89.35,89.66,88.92,89.43
20180910,89.83,90.06,88.59,88.87
20180911,88.56,88.88,87.93,88.24
20180912,88.45,89.015,88.0,88.79
20180913,89.22,89.89,88.84,89.7
20180914,89.71,89.72,88.85,89.01
20180917,89.06,89.28,88.03,88.3
20180918,88.17,89.485,88.15,89.18
20180919,89.14,89.69,88.79,89.08
20180920,89.72,90.5,89.315,90.06
20180921,90.03,90.93,89.79,89.83
20180924,89.56,89.97,88.99,89.65
20180925,90.27,90.87,90.13,90.26
20180926,90.45,91.33,90.26,90.36
20180927,90.59,91.5,90.59,91.2
20180928,91.08,91.79,90.77,91.56
20181001,92.03,92.07,91.21,91.66
20181002,91.56,92.09,91.2,91.83
20181003,92.32,94.31,92.2,93.53
20181004,93.28,93.5,90.57,91.07
20181005,91.21,92.94,91.21,91.95
20181008,91.64,92.5,90.73,91.47
20181009,91.23,93.03,91.03,92.55
20181010,92.5,92.815,89.53,89.63
20181011,89.84,90.16,86.4,87.0
20181012,87.86,89.27,87.59,88.9
20181015,90.29,90.98,89.365,90.08
20181016,90.85,91.96,90.29,91.81
20181017,91.79,92.98,91.52,92.79
20181018,92.48,92.94,91.21,91.83
20181019,91.72,92.68,91.24,91.47
20181022,91.73,92.93,91.16,92.8
20181023,91.3,92.38,89.91,91.47
20181024,91.38,92.41,88.61,88.77
20181025,88.96,91.12,88.0,90.47
20181026,89.51,90.06,87.75,88.85
20181029,89.8,91.265,88.44,89.65
20181030,89.25,91.045,89.04,90.18
20181031,91.19,91.49,90.07,90.15
20181101,93.77,96.57,91.955,94.25
20181102,94.36,95.3,91.64,92.77
20181105,93.0,93.27,90.5,92.72
20181106,92.79,93.0,91.78,92.76
20181107,93.49,95.46,93.49,95.19
20181108,94.86,95.895,94.52,94.9
20181109,94.67,95.51,94.245,95.27
20181112,95.18,95.57,94.14,94.43
20181113,94.96,95.59,93.61,94.17
20181114,94.71,94.99,91.66,92.48
20181115,92.19,92.19,90.32,91.62
20181116,91.2,92.66,91.14,92.27
20181119,92.28,92.7,89.31,90.1
20181120,89.35,90.09,88.08,88.41
20181121,88.76,89.34,88.33,88.68
20181122,88.68,88.68,88.68,88.68
20181123,88.23,90.24,87.9,89.24
20181126,89.8,90.27,88.83,89.52
20181127,88.99,90.29,88.84,90.2
20181128,90.7,92.97,90.33,92.8
20181129,92.45,93.35,91.96,92.77
20181130,92.77,94.17,92.46,93.87
20181203,94.64,94.67,93.04,93.57
20181204,93.345,94.49,90.51,90.57
20181205,90.57,90.57,90.57,90.57
20181206,89.56,90.5,87.5,90.41
20181207,90.44,90.58,87.51,88.09
20181210,88.19,89.37,87.3,88.92
20181211,89.91,90.55,88.98,89.8
20181212,90.68,92.05,90.66,90.73
20181213,91.27,92.0,90.55,90.94
20181214,90.08,90.09,87.915,88.45
20181217,87.59,87.61,84.21,84.94
20181218,85.89,86.0,83.66,84.99
20181219,85.54,86.37,82.69,83.44
20181220,83.14,83.71,81.46,82.42
20181221,82.24,83.81,81.55,81.68
20181224,80.91,80.91,78.9,79.28
20181225,79.28,79.28,79.28,79.28
20181226,79.61,82.94,79.14,82.92
20181227,81.83,84.33,81.18,84.33
20181228,84.83,85.59,83.55,84.49
20181231,85.27,85.59,84.6,85.54
20190101,85.54,85.54,85.54,85.54
20190102,84.51,85.08,83.75,84.48
20190103,84.07,84.24,81.37,81.56
20190104,82.94,84.87,82.51,84.76
20190107,84.83,86.57,84.83,85.27
20190108,85.97,86.545,85.07,86.54
20190109,86.54,87.25,86.03,86.23
20190110,85.95,86.215,85.14,85.9
20190111,85.49,86.09,85.25,86.06
20190114,85.34,85.7,84.41,84.5
20190115,84.52,85.63,84.11,84.81
20190116,84.76,84.98,83.14,83.21
20190117,82.67,84.57,82.26,84.25
20190118,84.62,85.15,83.58,84.59
20190121,84.59,84.59,84.59,84.59
20190122,84.04,84.63,83.45,84.09
20190123,84.08,84.77,83.23,83.69
20190124,83.69,83.93,82.8,83.66
20190125,84.31,85.17,84.165,84.69
20190128,83.92,83.96,82.96,83.65
20190129,83.65,84.6,83.06,84.41
20190130,84.35,85.83,84.35,85.09
20190131,85.06,86.3,84.64,86.16
20190201,86.55,87.38,85.88,87.14
20190204,87.25,87.38,86.61,86.97
20190205,87.33,88.05,86.82,87.37
20190206,87.07,87.64,86.61,87.58
20190207,87.25,87.26,85.69,86.21
20190208,85.74,86.83,85.39,86.83
20190211,86.91,87.2,85.86,86.27
20190212,86.92,87.59,86.64,87.51
20190213,87.56,88.87,87.56,88.25
20190214,89.01,93.57,88.65,93.26
20190215,93.92,95.55,92.92,95.37
20190218,95.37,95.37,95.37,95.37
20190219,94.75,95.29,94.56,94.91
20190220,94.91,95.07,93.67,94.39
20190221,94.27,94.27,93.13,93.47
20190222,93.76,94.66,93.76,94.61
20190225,95.0,95.18,94.24,94.39
20190226,94.02,94.495,93.336,93.49
20190227,93.34,94.16,93.15,93.8
20190228,93.96,94.665,93.84,94.23
20190301,94.99,96.15,94.51,95.75
20190304,97.65,97.95,95.27,95.87
20190305,96.11,96.175,95.34,95.78
20190306,95.9,95.9,93.62,94.17
20190307,93.89,94.29,92.25,92.55
20190308,92.26,92.45,91.21,92.41
20190311,92.65,94.77,92.55,94.73
20190312,95.0,95.96,94.76,95.75
20190313,96.12,97.43,95.86,96.93
20190314,96.65,96.85,96.13,96.2
20190315,96.23,97.23,95.75,96.91
20190318,97.0,97.89,96.99,97.77
20190319,98.09,99.15,98.09,98.72
20190320,98.75,99.26,97.81,98.5
20190321,98.45,99.91,98.23,99.64
20190322,99.01,99.33,97.88,97.93
20190325,97.42,98.56,97.24,97.93
20190326,98.54,99.36,98.34,98.82
20190327,98.44,99.31,98.11,98.52
20190328,98.63,99.58,98.59,99.39
20190329,99.88,100.94,99.71,100.67
20190401,102.41,102.47,101.29,101.54
20190402,101.74,102.38,101.57,102.04
20190403,102.33,102.67,101.58,102.12
20190404,102.19,102.4,100.64,101.98
20190405,102.51,103.33,101.68,102.12
20190408,102.23,102.495,101.7,102.23
20190409,101.59,101.95,101.185,101.46
20190410,101.75,101.98,101.22,101.33
20190411,101.65,101.74,100.75,101.06
20190412,101.56,101.93,100.92,101.67
20190415,101.86,102.0,101.17,101.26
20190416,101.96,102.33,99.045,99.17
20190417,99.41,99.93,96.89,97.98
20190418,98.53,99.25,97.1,99.03
20190419,99.03,99.03,99.03,99.03
20190422,98.72,100.15,98.64,100.12
20190423,100.26,102.145,99.6,101.97
20190424,101.89,102.24,101.03,101.1
20190425,100.77,102.01,100.01,101.83
20190426,102.24,103.39,101.16,103.35
20190429,102.7,103.17,100.88,101.26
20190430,101.24,102.26,100.63,101.84
20190501,102.12,102.8,101.0,101.79
20190502,100.26,103.17,100.26,103.15
20190503,102.54,103.97,102.0,103.75
20190506,102.26,103.58,102.19,103.33
20190507,102.64,102.92,100.58,101.37
20190508,101.14,102.27,101.14,101.86
20190509,101.19,102.57,100.98,101.67
20190510,101.58,102.5,100.04,102.29
20190513,100.52,101.84,100.31,101.35
20190514,101.89,102.31,101.21,101.25
20190515,100.74,102.43,100.65,101.84
20190516,102.4,103.84,102.3,102.93
20190517,101.7,102.54,101.36,101.97
20190520,101.64,102.465,101.24,102.22
20190521,102.75,103.3,102.29,102.38
20190522,102.37,103.44,101.84,102.94
20190523,102.78,103.06,101.96,102.89
20190524,103.5,104.41,102.3,102.4
20190527,102.4,102.4,102.4,102.4
20190528,102.6,103.57,101.4,102.02
20190529,101.75,102.03,100.67,101.15
20190530,101.3,102.35,101.24,102.33
20190531,101.49,102.29,100.56,101.05
20190603,101.54,104.87,101.54,103.95
20190604,105.08,108.23,104.86,108.12
20190605,108.32,109.36,108.3,108.5
20190606,108.68,110.355,108.385,108.89
20190607,109.05,110.9,109.05,110.06
20190610,110.28,110.73,109.1,110.22
20190611,110.5,111.66,109.525,110.16
20190612,110.47,111.7,110.09,111.44
20190613,111.99,112.25,109.6,110.03
20190614,109.72,111.45,109.51,110.79
20190617,110.96,111.25,110.035,110.81
20190618,111.17,113.49,110.72,113.38
20190619,113.33,114.45,113.03,114.28
20190620,115.33,116.47,112.81,112.97
20190621,112.76,113.91,111.9,112.88
20190624,113.36,114.0335,112.465,113.47
20190625,113.93,115.42,113.72,113.86
20190626,113.97,114.405,111.67,113.05
20190627,113.2,113.78,112.58,112.76
20190628,113.09,113.61,112.28,113.49
20190701,114.33,114.4127,113.09,113.57
20190702,113.94,114.77,113.21,114.59
20190703,115.19,115.42,114.265,115.34
20190704,115.34,115.34,115.34,115.34
20190705,115.34,115.63,113.91,114.18
20190708,113.79,114.36,113.3,114.1
20190709,113.16,114.76,112.75,113.26
20190710,113.67,115.62,113.175,114.57
20190711,114.32,114.56,113.325,114.35
20190712,114.61,114.96,112.43,113.31
20190715,113.16,113.77,112.51,113.57
20190716,114.27,115.04,113.47,113.48
20190717,114.0,114.96,113.565,113.68
20190718,114.35,115.2,114.02,114.94
20190719,115.64,115.89,114.01,114.09
20190722,115.09,116.69,114.22,115.94
20190723,115.62,116.14,114.4424,115.94
20190724,115.81,115.94,114.04,115.44
20190725,115.42,115.975,114.47,114.65
20190726,115.15,115.15,114.46,115.11
20190729,115.07,115.98,114.4,115.55
20190730,115.0,115.84,114.31,115.79
20190731,115.47,116.36,114.36,114.89
20190801,114.9,117.03,114.02,115.7
20190802,115.7,116.98,115.42,116.36
20190805,115.07,115.52,111.87,112.57
20190806,117.59,121.81,117.48,121.17
20190807,120.55,121.4,118.56,120.89
20190808,122.06,124.34,121.5,124.11
20190809,124.12,125.88,123.92,125.07
20190812,123.97,124.47,122.26,123.96
20190813,122.54,125.48,122.54,124.7
20190814,123.4,124.42,121.58,121.79
20190815,121.88,124.11,121.53,123.68
20190816,124.32,125.6,123.97,125.37
20190819,126.02,127.37,125.65,126.75
20190820,127.54,128.41,125.94,126.05
20190821,126.84,128.13,126.2,127.64
20190822,127.88,128.11,125.52,126.64
20190823,126.58,127.49,122.42,123.07
20190826,124.31,126.24,124.2468,126.2
20190827,127.01,127.47,124.75,125.24
20190828,124.75,126.27,124.46,125.77
20190829,126.47,126.955,125.195,126.68
20190830,127.13,127.4435,125.662,126.42
20190902,126.42,126.42,126.42,126.42
20190903,126.13,127.45,125.98,127.04
20190904,127.65,127.79,126.5781,127.59
20190905,128.7,129.03,127.71,128.07
20190906,128.28,129.48,127.855,128.43
20190909,130.08,130.08,125.79,126.66
20190910,125.82,125.82,121.61,123.03
20190911,123.02,124.28,120.01,120.7
20190912,121.29,122.86,121.06,121.69
20190913,121.71,122.2,120.235,121.02
20190916,120.0,120.74,119.52,119.64
20190917,120.07,122.85,120.07,122.42
20190918,122.78,123.57,121.985,123.24
20190919,123.4,124.85,123.32,124.27
20190920,124.92,126.14,124.64,125.62
20190923,125.35,126.45,124.27,125.08
20190924,125.48,126.37,124.56,125.05
20190925,124.65,125.33,123.9,124.78
20190926,124.9,126.525,124.9,126.06
20190927,126.77,126.92,123.43,123.9
20190930,123.9,125.3027,123.875,124.59
20191001,124.99,126.12,124.53,125.12
20191002,124.12,125.2,121.57,122.29
20191003,121.95,124.74,121.9,124.28
20191004,124.96,127.24,124.96,127.05
20191007,126.33,127.0,125.785,126.07
20191008,125.01,126.83,124.315,125.38
20191009,125.97,126.89,125.2249,126.43
20191010,125.71,128.43,125.62,127.41
20191011,128.2,130.09,128.05,128.47
20191014,128.6,129.0,126.26,126.59
20191015,127.31,130.2,127.225,128.71
20191016,128.42,129.14,127.51,127.93
20191017,128.83,129.02,127.93,128.47
20191018,128.41,129.365,127.66,128.12
20191021,128.23,128.5,125.85,126.45
20191022,127.0,127.2,122.45,122.81
20191023,122.55,123.00399999999999,121.04,121.8
20191024,122.61,124.02,122.52,122.95
20191025,123.17,124.72,123.11,124.36
20191028,124.46,125.83,124.24,125.13
20191029,125.69,127.64399999999999,125.69,126.16
20191030,126.66,127.91,126.05,127.6
20191031,127.44,128.31,127.13,127.92
20191101,128.78,129.18,125.26,125.34
20191104,126.07,126.27,124.31,124.76
20191105,124.76,124.89,119.81,120.25
20191106,120.49,121.775,120.04,121.47
20191107,125.4,126.0,120.135,121.03
20191108,120.82,121.75,116.31,117.86
20191111,117.29,118.15,116.29,117.03
20191112,116.63,118.05,116.1,117.2
20191113,116.99,117.74,115.89,116.45
20191114,116.15,117.15,114.96,116.25
20191115,116.72,117.92,116.21,117.92
20191118,117.58,120.49,117.58,118.8
20191119,119.01,120.53,118.57,120.33
20191120,120.33,121.24,118.7909,119.56
20191121,119.86,121.07,119.3851,120.22
20191122,120.41,121.06,119.18,119.81
20191125,120.74,121.97,120.0,120.61
20191126,120.91,122.0,120.25,121.89
20191127,122.14,122.92,120.94,121.63
20191128,121.63,121.63,121.63,121.63
20191129,121.29,121.82,120.1,120.52
20191202,120.87,121.5,118.8107,119.91
20191203,119.64,120.785,119.26,120.53
20191204,121.01,121.92,119.63,119.74
20191205,119.2,120.26,118.0,120.11
20191206,121.0,121.92,120.91,121.72
20191209,121.49,122.0,120.6305,121.23
20191210,122.0,123.0,121.59,122.78
20191211,123.2,123.71,122.81,123.56
20191212,123.69,125.0,123.39,124.33
20191213,123.95,124.62,123.15,124.45
20191216,125.0,126.5,124.37,126.46
20191217,126.72,127.36,125.24,127.1
20191218,127.15,127.63,126.56,126.99
20191219,127.63,128.89,127.45,128.74
20191220,129.38,133.52,128.975,132.68
20191223,132.71,133.06,131.39,132.37
20191224,132.21,133.08,131.29,132.92
20191225,132.92,132.92,132.92,132.92
20191226,133.19,133.19,132.32,133.03
20191227,133.4,133.48,132.38,133.25
20191230,133.57,133.66,131.8089,132.21
20191231,132.01,132.58,131.45,132.35
20200101,132.35,132.35,132.35,132.35
20200102,132.05,134.28,131.48,134.14
20200103,132.48,134.91,132.27,134.16
20200106,133.78,134.065,132.71,133.13
20200107,133.0,134.81,132.67,133.58
20200108,133.76,135.27,133.24,133.29
20200109,134.01,136.37,134.01,135.06
20200110,135.3,136.0,134.77,135.57
20200113,136.07,136.75,135.46,136.51
20200114,136.42,137.275,135.52,137.27
20200115,137.41,139.0,137.34,138.54
20200116,138.78,139.4,138.02,139.24
20200117,139.62,140.4,138.86,140.16
20200120,140.16,140.16,140.16,140.16
20200121,139.12,142.52,138.97,141.93
20200122,142.73,143.33,141.21,141.5
20200123,141.29,141.77,137.52,138.34
20200124,139.62,139.62,136.1474,136.31
20200127,134.42,136.435,134.03,135.96
20200128,136.14,138.915,135.49,138.26
20200129,138.97,139.97,138.44,138.51
20200130,137.64,138.33,136.06,138.03
20200131,137.6,137.97,134.0,134.21
20200203,134.73,137.47,134.2,135.52
20200204,137.08,139.44,136.69,138.97
20200205,139.96,140.3,137.545,137.89
20200206,137.96,139.1,136.87,138.97
20200207,139.05,139.16,138.03,138.9
20200210,138.62,142.74,138.35299999999998,142.55
20200211,143.4,144.35,142.65,144.03
20200212,143.45,144.46,142.43,142.98
20200213,141.93,146.26,141.25,144.94
20200214,144.94,145.4,143.115,144.17
20200217,144.17,144.17,144.17,144.17
20200218,144.03,144.13,142.61,143.65
20200219,143.5,145.61,142.81,144.06
20200220,143.75,144.09,141.24,143.55
20200221,142.93,143.0,141.5,142.23
20200224,139.28,140.8179,137.535,138.39
20200225,138.79,138.85,134.315,134.82
20200226,135.94,139.25,135.5,136.15
20200227,134.46,137.425,133.9,133.95
20200228,130.4,133.24,127.0,133.23
20200302,133.84,139.17,133.06,138.91
20200303,139.46,141.76,135.62,137.24
20200304,140.72,143.7,138.52,143.62
20200305,141.0,142.64,138.06,139.56
20200306,134.92,137.6,131.83,137.05
20200309,128.8,133.29,127.59,129.72
20200310,133.62,133.62,127.265,132.72
20200311,130.39,131.65,127.36,130.27
20200312,122.26,127.34,119.92,120.28
20200313,124.35,125.78,117.29,125.48
20200316,114.37,119.92,106.4,107.04
20200317,109.27,118.08,107.15,111.05
20200318,104.5,110.03,96.024,105.82
20200319,104.95,112.89,100.74,102.33
20200320,101.55,106.47,98.53,100.94
20200323,99.06,101.04,90.14,92.66
20200324,98.71,105.221,97.5,103.76
20200325,102.65,112.99,100.52,108.21
20200326,109.51,118.69,109.51,117.91
20200327,114.52,117.78,111.04,111.77
20200330,113.63,117.75,112.43,116.68
20200331,115.68,120.25,113.9,117.69
20200401,113.93,115.355,110.7474,111.92
20200402,111.25,116.3,110.87,116.03
20200403,115.08,117.23,113.7201,114.61
20200406,119.58,127.46,117.9,126.79
20200407,129.02,130.88,126.02,126.11
20200408,126.36,127.99,122.2531,127.25
20200409,126.55,131.15,126.44,128.75
20200413,128.01,128.82,122.11,122.95
20200414,126.42,128.94,124.18,127.82
20200415,125.42,126.12,123.08,123.81
20200416,124.33,128.05,123.98,127.45
20200417,129.74,131.54,128.614,130.72
20200420,128.72,129.14,127.23,127.39
20200421,125.79,126.05,123.575,124.7
20200422,126.53,127.48,125.55,125.81
20200423,126.25,126.62,123.41,123.64
20200424,124.6,126.85,122.66,125.91
20200427,126.96,128.6,126.1,127.42
20200428,128.46,128.7,122.85,123.0
20200429,124.27,126.98,123.01,125.55
20200430,125.5,130.42,124.84,129.31
20200501,127.44,127.89,124.9152,127.53
20200504,127.76,128.055,125.56,127.44
20200505,128.65,132.2418,128.29,131.3
20200506,125.97,128.91,125.63,125.69
20200507,127.29,127.5,123.368,124.24
20200508,125.21,126.36,124.82,125.47
20200511,125.34,126.85,124.55,126.39
20200512,127.06,127.7,123.87,124.01
20200513,123.53,125.07,121.745,123.03
20200514,122.07,126.53,121.5,126.03
20200515,126.44,127.9586,125.31,127.49
20200518,130.18,132.54,129.8,131.42
20200519,131.05,135.76,130.08,134.34
20200520,136.2,137.07,133.04,133.34
20200521,133.79,133.89,129.9,130.33
20200522,129.6,130.78,128.88,130.11
20200526,131.42,132.91,130.14,130.45
20200527,133.7,135.71,130.85,135.64
20200528,137.81,140.24,137.46,138.11
20200529,138.44,139.65,134.95,139.39
20200601,138.65,139.1,137.07,138.34
20200602,138.67,141.51,138.22,141.48
20200603,141.65,143.21,140.67,142.53
20200604,141.02,142.26,139.4,140.52
20200605,141.53,142.43,139.35,141.01
20200608,139.0,141.35,137.67,141.3
20200609,140.88,141.79,138.47,138.8
20200610,139.25,141.22,138.75,139.91
